2,BankReimbursment,0
1969,"udp","other","SF",146,105,"0",0,0,0,0,"0",0,"0","0",0,0,0,0,0,0,"0",1,1,0,0,0,0,1,0,0,255,2,0.01,0.62,0.94,0,0,0,0,0,"normal"
0,"tcp","private","S0",0,0,"0",0,0,0,0,"0",0,"0","0",0,0,0,0,0,0,"0",117,3,1,1,0,0,0.03,0.07,0,255,3,0.01,0.06,0,0,1,1,0,0,"dos"
0,"tcp","http","REJ",0,0,"0",0,0,0,0,"0",0,"0","0",0,0,0,0,0,0,"0",1,1,0,0,1,1,1,0,0,65,66,1,0,0.02,0.03,0,0,1,1,"normal"
0,"tcp","http","SF",243,2239,"0",0,0,0,0,"1",0,"0","0",0,0,0,0,0,0,"0",26,26,0,0,0,0,1,0,0,255,255,1,0,0,0,0,0,0,0,"normal"
0,"tcp","http","SF",231,22037,"0",0,0,0,0,"1",0,"0","0",0,0,0,0,0,0,"0",3,16,0,0,0,0,1,0,0.19,3,255,1,0,0.33,0.04,0,0,0,0,"normal"
3305,"udp","other","SF",146,105,"0",0,0,0,0,"0",0,"0","0",0,0,0,0,0,0,"0",1,1,0,0,0,0,1,0,0,255,2,0.01,0.69,0.96,0,0,0,0,0,"normal"
0,"tcp","http","SF",237,5485,"0",0,0,0,0,"1",0,"0","0",0,0,0,0,0,0,"0",3,3,0,0,0,0,1,0,0,19,255,1,0,0.05,0.07,0,0,0,0,"normal"
0,"tcp","name","S0",0,0,"0",0,0,0,0,"0",0,"0","0",0,0,0,0,0,0,"0",296,17,1,1,0,0,0.06,0.05,0,255,10,0.04,0.07,0,0,1,1,0,0,"dos"
0,"tcp","http","SF",202,498,"0",0,0,0,0,"1",0,"0","0",0,0,0,0,0,0,"0",1,2,0,0,0,0,1,0,1,10,255,1,0,0.1,0.02,0,0,0,0,"normal"
0,"tcp","smtp","SF",945,280,"0",0,0,0,0,"1",0,"0","0",0,0,0,0,0,0,"0",1,1,0,0,0,0,1,0,0,216,120,0.41,0.03,0,0.02,0,0,0,0,"normal"
0,"tcp","http","SF",206,2168,"0",0,0,0,0,"1",0,"0","0",0,0,0,0,0,0,"0",13,15,0,0,0,0,1,0,0.13,255,255,1,0,0,0,0,0,0,0,"normal"
0,"tcp","http","SF",311,2803,"0",0,0,0,0,"1",0,"0","0",0,0,0,0,0,0,"0",10,10,0,0,0,0,1,0,0,109,255,1,0,0.01,0.04,0,0,0,0,"normal"
0,"tcp","http","SF",209,283,"0",0,0,0,0,"1",0,"0","0",0,0,0,0,0,0,"0",7,7,0,0,0,0,1,0,0,7,255,1,0,0.14,0.04,0,0.01,0,0.01,"normal"
0,"tcp","http","SF",288,5943,"0",0,0,0,0,"1",0,"0","0",0,0,0,0,0,0,"0",13,14,0,0,0,0,1,0,0.14,255,255,1,0,0,0,0,0,0,0,"normal"
0,"tcp","http","REJ",0,0,"0",0,0,0,0,"0",0,"0","0",0,0,0,0,0,0,"0",1,3,0,0,1,1,1,0,1,1,217,1,0,1,0.13,0,0,1,0.75,"normal"
0,"tcp","private","REJ",0,0,"0",0,0,0,0,"0",0,"0","0",0,0,0,0,0,0,"0",58,2,0,0,1,1,0.03,0.09,0,255,2,0.01,0.06,0,0,0,0,1,1,"dos"
0,"tcp","private","S0",0,0,"0",0,0,0,0,"0",0,"0","0",0,0,0,0,0,0,"0",252,14,1,1,0,0,0.06,0.06,0,255,14,0.05,0.05,0,0,1,1,0,0,"dos"
0,"tcp","http","SF",233,1380,"0",0,0,0,0,"1",0,"0","0",0,0,0,0,0,0,"0",6,6,0,0,0,0,1,0,0,230,227,0.99,0.01,0,0,0,0,0,0,"normal"
0,"tcp","private","S0",0,0,"0",0,0,0,0,"0",0,"0","0",0,0,0,0,0,0,"0",135,15,1,1,0,0,0.11,0.06,0,255,13,0.05,0.07,0,0,1,1,0,0,"dos"
0,"tcp","http","SF",244,1701,"0",0,0,0,0,"1",0,"0","0",0,0,0,0,0,0,"0",7,7,0,0,0,0,1,0,0,255,255,1,0,0,0,0,0,0,0,"normal"
0,"tcp","private","S0",0,0,"0",0,0,0,0,"0",0,"0","0",0,0,0,0,0,0,"0",82,2,1,1,0,0,0.02,0.06,0,255,2,0.01,0.09,0,0,1,1,0,0,"dos"
0,"tcp","http","SF",308,392,"0",0,0,0,0,"1",0,"0","0",0,0,0,0,0,0,"0",7,7,0,0,0,0,1,0,0,255,255,1,0,0,0,0,0,0.01,0.01,"normal"
0,"tcp","http","SF",228,1565,"0",0,0,0,0,"1",0,"0","0",0,0,0,0,0,0,"0",2,2,0,0,0,0,1,0,0,255,255,1,0,0,0,0,0,0.01,0.01,"normal"
5,"tcp","smtp","SF",3243,331,"0",0,0,0,0,"1",0,"0","0",0,0,0,0,0,0,"0",1,2,0,0,0,0,1,0,1,28,213,0.96,0.07,0.04,0.01,0,0,0,0,"normal"
0,"tcp","private","S0",0,0,"0",0,0,0,0,"0",0,"0","0",0,0,0,0,0,0,"0",97,14,1,1,0,0,0.14,0.07,0,255,14,0.05,0.07,0,0,1,1,0,0,"dos"
0,"tcp","private","S0",0,0,"0",0,0,0,0,"0",0,"0","0",0,0,0,0,0,0,"0",110,5,1,1,0,0,0.05,0.06,0,255,15,0.06,0.07,0,0,1,1,0,0,"dos"
0,"tcp","private","S0",0,0,"0",0,0,0,0,"0",0,"0","0",0,0,0,0,0,0,"0",133,10,1,1,0,0,0.08,0.06,0,255,9,0.04,0.06,0,0,1,1,0,0,"dos"
0,"tcp","http","SF",323,1085,"0",0,0,0,0,"1",0,"0","0",0,0,0,0,0,0,"0",8,8,0,0,0,0,1,0,0,69,255,1,0,0.01,0.03,0,0,0,0,"normal"
0,"tcp","private","S0",0,0,"0",0,0,0,0,"0",0,"0","0",0,0,0,0,0,0,"0",238,16,1,1,0,0,0.07,0.06,0,255,15,0.06,0.06,0,0,1,1,0,0,"dos"
0,"tcp","http","SF",218,314,"0",0,0,0,0,"1",0,"0","0",0,0,0,0,0,0,"0",26,29,0,0,0,0,1,0,0.07,255,255,1,0,0,0,0,0,0,0,"normal"
0,"tcp","http","SF",265,5412,"0",0,0,0,0,"1",0,"0","0",0,0,0,0,0,0,"0",6,8,0,0,0,0,1,0,0.38,27,255,1,0,0.04,0.05,0,0,0,0,"normal"
0,"tcp","http","REJ",0,0,"0",0,0,0,0,"0",0,"0","0",0,0,0,0,0,0,"0",1,2,0,0,1,0.5,1,0,1,1,138,1,0,1,0.09,0,0,1,1,"normal"
0,"tcp","http","SF",226,1826,"0",0,0,0,0,"1",0,"0","0",0,0,0,0,0,0,"0",10,10,0,0,0,0,1,0,0,255,255,1,0,0,0,0,0,0,0,"normal"
0,"tcp","ftp_data","SF",19,0,"0",0,0,0,0,"0",0,"0","0",0,0,0,0,0,0,"0",2,2,0,0,0,0,1,0,0,117,28,0.24,0.05,0.24,0,0.02,0,0.04,0,"normal"
0,"tcp","http","SF",341,2732,"0",0,0,0,0,"1",0,"0","0",0,0,0,0,0,0,"0",11,21,0,0,0,0,1,0,0.14,42,255,1,0,0.02,0.01,0,0,0,0,"normal"
0,"tcp","uucp","S0",0,0,"0",0,0,0,0,"0",0,"0","0",0,0,0,0,0,0,"0",137,7,1,1,0,0,0.05,0.06,0,255,7,0.03,0.07,0,0,1,1,0,0,"dos"
0,"tcp","http","SF",317,6329,"0",0,0,0,0,"1",0,"0","0",0,0,0,0,0,0,"0",29,29,0,0,0,0,1,0,0,255,255,1,0,0,0,0,0,0,0,"normal"
0,"tcp","ftp_data","SF",71,0,"0",0,0,0,0,"0",0,"0","0",0,0,0,0,0,0,"0",1,1,0,0,0,0,1,0,0,255,1,0,1,0,0,0.99,0,0,0,"normal"
10,"udp","private","SF",105,146,"0",0,0,0,0,"0",0,"0","0",0,0,0,0,0,0,"0",2,2,0,0,0,0,1,0,0,255,231,0.91,0.01,0.01,0,0,0,0,0,"normal"
0,"tcp","private","REJ",0,0,"0",0,0,0,0,"0",0,"0","0",0,0,0,0,0,0,"0",296,17,0,0,1,1,0.06,0.06,0,255,17,0.07,0.07,0,0,0,0,1,1,"dos"
815,"udp","other","SF",146,105,"0",0,0,0,0,"0",0,"0","0",0,0,0,0,0,0,"0",1,1,0,0,0,0,1,0,0,255,1,0,0.64,0.9,0,0,0,0,0,"normal"
162,"tcp","telnet","SF",1567,2738,"0",0,0,3,0,"1",4,"1","0",0,1,0,0,0,0,"0",1,1,0,0,0,0,1,0,0,4,4,1,0,0.25,0,0,0,0,0,"u2r"
0,"tcp","http","SF",286,10772,"0",0,0,0,0,"1",0,"0","0",0,0,0,0,0,0,"0",14,14,0,0,0,0,1,0,0,42,255,1,0,0.02,0.03,0,0,0,0,"normal"
0,"tcp","http","SF",323,1808,"0",0,0,0,0,"1",0,"0","0",0,0,0,0,0,0,"0",3,8,0,0,0,0,1,0,0.25,50,255,1,0,0.02,0.03,0,0.01,0,0,"normal"
0,"tcp","http_443","S0",0,0,"0",0,0,0,0,"0",0,"0","0",0,0,0,0,0,0,"0",218,1,1,1,0,0,0,0.06,0,255,1,0,0.06,0,0,1,1,0,0,"dos"
0,"tcp","http","SF",219,621,"0",0,0,0,0,"1",0,"0","0",0,0,0,0,0,0,"0",6,6,0,0,0,0,1,0,0,98,255,1,0,0.01,0.02,0,0,0,0,"normal"
0,"tcp","private","S0",0,0,"0",0,0,0,0,"0",0,"0","0",0,0,0,0,0,0,"0",205,11,1,1,0,0,0.05,0.06,0,255,11,0.04,0.07,0,0,1,1,0,0,"dos"
0,"tcp","private","S0",0,0,"0",0,0,0,0,"0",0,"0","0",0,0,0,0,0,0,"0",267,18,1,1,0,0,0.07,0.05,0,255,15,0.06,0.07,0,0,1,1,0,0,"dos"
0,"tcp","private","S0",0,0,"0",0,0,0,0,"0",0,"0","0",0,0,0,0,0,0,"0",228,2,1,1,0,0,0.01,0.05,0,255,2,0.01,0.06,0,0,1,1,0,0,"dos"
0,"tcp","http","SF",340,1423,"0",0,0,0,0,"1",0,"0","0",0,0,0,0,0,0,"0",6,8,0,0,0,0,1,0,0.25,75,207,1,0,0.01,0.01,0,0,0,0,"normal"
0,"tcp","http","SF",233,1713,"0",0,0,0,0,"1",0,"0","0",0,0,0,0,0,0,"0",8,20,0,0,0,0,1,0,0.15,39,255,1,0,0.03,0.05,0,0,0,0,"normal"
0,"tcp","http","SF",315,7924,"0",0,0,0,0,"1",0,"0","0",0,0,0,0,0,0,"0",7,7,0,0,0,0,1,0,0,31,255,1,0,0.03,0.02,0,0,0,0,"normal"
0,"tcp","http","SF",204,899,"0",0,0,0,0,"1",0,"0","0",0,0,0,0,0,0,"0",41,44,0,0,0,0,1,0,0.07,255,255,1,0,0,0,0,0,0,0,"normal"
5574,"udp","other","SF",147,105,"0",0,0,0,0,"0",0,"0","0",0,0,0,0,0,0,"0",1,1,0,0,0,0,1,0,0,255,1,0,0.7,0.97,0,0,0,0,0,"normal"
0,"tcp","name","S0",0,0,"0",0,0,0,0,"0",0,"0","0",0,0,0,0,0,0,"0",288,19,1,1,0,0,0.07,0.05,0,255,19,0.07,0.05,0,0,1,1,0,0,"dos"
0,"tcp","http","SF",244,1451,"0",0,0,0,0,"1",0,"0","0",0,0,0,0,0,0,"0",10,10,0,0,0,0,1,0,0,255,255,1,0,0,0,0.01,0.01,0,0,"normal"
0,"tcp","private","S0",0,0,"0",0,0,0,0,"0",0,"0","0",0,0,0,0,0,0,"0",269,23,1,1,0,0,0.09,0.05,0,255,23,0.09,0.05,0,0,1,1,0,0,"dos"
0,"tcp","http","SF",202,7422,"0",0,0,0,0,"1",0,"0","0",0,0,0,0,0,0,"0",15,16,0,0,0,0,1,0,0.12,190,255,1,0,0.01,0.01,0.01,0,0,0,"normal"
0,"tcp","private","REJ",0,0,"0",0,0,0,0,"0",0,"0","0",0,0,0,0,0,0,"0",272,11,0,0,1,1,0.04,0.06,0,255,11,0.04,0.07,0,0,0,0,1,1,"dos"
0,"tcp","http","SF",272,451,"0",0,0,0,0,"1",0,"0","0",0,0,0,0,0,0,"0",13,14,0,0,0,0,1,0,0.14,46,255,1,0,0.02,0.01,0,0,0,0,"normal"
0,"tcp","http","SF",263,3045,"0",0,0,0,0,"1",0,"0","0",0,0,0,0,0,0,"0",2,13,0,0,0,0,1,0,0.15,148,255,1,0,0.01,0.01,0,0,0,0,"normal"
0,"udp","private","SF",105,147,"0",0,0,0,0,"0",0,"0","0",0,0,0,0,0,0,"0",2,1,0,0,0,0,0.5,1,0,255,239,0.94,0.01,0.01,0,0,0,0,0,"normal"
0,"tcp","telnet","S0",0,0,"0",0,0,0,0,"0",0,"0","0",0,0,0,0,0,0,"0",236,5,1,1,0,0,0.02,0.06,0,255,5,0.02,0.06,0,0,1,1,0,0,"dos"
0,"tcp","http","SF",203,577,"0",0,0,0,0,"1",0,"0","0",0,0,0,0,0,0,"0",2,3,0,0,0,0,1,0,0.67,8,32,1,0,0.12,0.16,0,0,0,0.03,"normal"
0,"tcp","http","SF",309,1158,"0",0,0,0,0,"1",0,"0","0",0,0,0,0,0,0,"0",15,15,0,0,0,0,1,0,0,255,255,1,0,0,0,0,0,0,0,"normal"
0,"tcp","http","SF",244,439,"0",0,0,0,0,"1",0,"0","0",0,0,0,0,0,0,"0",2,2,0,0,0,0,1,0,0,255,255,1,0,0,0,0,0,0,0,"normal"
0,"tcp","http","SF",327,308,"0",0,0,0,0,"1",0,"0","0",0,0,0,0,0,0,"0",16,16,0,0,0,0,1,0,0,224,255,1,0,0,0.01,0,0,0,0,"normal"
0,"tcp","netbios_dgm","S0",0,0,"0",0,0,0,0,"0",0,"0","0",0,0,0,0,0,0,"0",210,5,1,1,0,0,0.02,0.07,0,255,5,0.02,0.07,0,0,1,1,0,0,"dos"
0,"tcp","http","SF",54540,8314,"0",0,0,2,0,"1",1,"0","0",0,0,0,0,0,0,"0",2,2,0,0,0,0,1,0,0,199,199,1,0,0.01,0,0,0,0.02,0.02,"dos"
0,"tcp","private","REJ",0,0,"0",0,0,0,0,"0",0,"0","0",0,0,0,0,0,0,"0",276,14,0,0,1,1,0.05,0.07,0,255,14,0.05,0.07,0,0,0,0,1,1,"dos"
0,"icmp","eco_i","SF",30,0,"0",0,0,0,0,"0",0,"0","0",0,0,0,0,0,0,"0",2,2,0,0,0,0,1,0,0,218,218,1,0,1,0,0,0,0,0,"normal"
0,"tcp","private","S0",0,0,"0",0,0,0,0,"0",0,"0","0",0,0,0,0,0,0,"0",230,6,1,1,0,0,0.03,0.05,0,255,6,0.02,0.05,0,0,1,1,0,0,"dos"
0,"tcp","smtp","SF",10958,924,"0",0,0,0,0,"1",0,"0","0",0,0,0,0,0,0,"0",1,1,0,0,0,0,1,0,0,255,19,0.07,0.02,0,0,0,0,0,0,"normal"
0,"tcp","http","SF",328,3960,"0",0,0,0,0,"1",0,"0","0",0,0,0,0,0,0,"0",7,7,0,0,0,0,1,0,0,150,255,1,0,0.01,0.01,0,0,0,0,"normal"
0,"tcp","http","SF",185,6797,"0",0,0,0,0,"1",0,"0","0",0,0,0,0,0,0,"0",1,9,0,0,0,0,1,0,0.33,2,50,1,0,0.5,0.06,0,0.04,0,0.02,"normal"
0,"udp","private","SF",105,147,"0",0,0,0,0,"0",0,"0","0",0,0,0,0,0,0,"0",2,2,0,0,0,0,1,0,0,255,240,0.94,0.01,0.01,0,0,0,0,0,"normal"
0,"tcp","http","SF",239,2159,"0",0,0,0,0,"1",0,"0","0",0,0,0,0,0,0,"0",2,2,0,0,0,0,1,0,0,6,255,1,0,0.17,0.05,0,0,0,0,"normal"
0,"tcp","private","S0",0,0,"0",0,0,0,0,"0",0,"0","0",0,0,0,0,0,0,"0",241,23,1,1,0,0,0.1,0.05,0,255,23,0.09,0.06,0,0,1,1,0,0,"dos"
0,"tcp","private","S0",0,0,"0",0,0,0,0,"0",0,"0","0",0,0,0,0,0,0,"0",102,1,0.99,1,0,0,0.01,0.08,0,255,1,0,0.06,0,0,1,1,0,0,"dos"
0,"tcp","private","S0",0,0,"0",0,0,0,0,"0",0,"0","0",0,0,0,0,0,0,"0",124,15,1,1,0,0,0.12,0.06,0,255,15,0.06,0.06,0,0,1,1,0,0,"dos"
0,"tcp","private","S0",0,0,"0",0,0,0,0,"0",0,"0","0",0,0,0,0,0,0,"0",105,3,1,1,0,0,0.03,0.07,0,255,1,0,0.08,0,0,1,1,0,0,"dos"
0,"tcp","http","SF",297,2113,"0",0,0,0,0,"1",0,"0","0",0,0,0,0,0,0,"0",1,1,0,0,0,0,1,0,0,86,255,1,0,0.01,0.15,0.01,0,0.29,0.75,"normal"
6,"tcp","smtp","SF",1447,328,"0",0,0,0,0,"1",0,"0","0",0,0,0,0,0,0,"0",1,4,0,0,0,0,1,0,1,47,138,0.3,0.04,0.02,0.01,0,0,0,0,"normal"
0,"tcp","private","S0",0,0,"0",0,0,0,0,"0",0,"0","0",0,0,0,0,0,0,"0",246,10,1,1,0,0,0.04,0.05,0,255,10,0.04,0.06,0,0,1,1,0,0,"dos"
0,"tcp","http","SF",279,3542,"0",0,0,0,0,"1",0,"0","0",0,0,0,0,0,0,"0",25,25,0,0,0,0,1,0,0,25,255,1,0,0.04,0.04,0,0,0,0,"normal"
0,"tcp","private","REJ",0,0,"0",0,0,0,0,"0",0,"0","0",0,0,0,0,0,0,"0",224,18,0,0,1,1,0.08,0.06,0,255,18,0.07,0.06,0,0,0,0,1,1,"dos"
0,"tcp","http","SF",300,2716,"0",0,0,0,0,"1",0,"0","0",0,0,0,0,0,0,"0",2,2,0,0,0,0,1,0,0,18,255,1,0,0.06,0.03,0.06,0.01,0.06,0.01,"normal"
0,"tcp","http","SF",227,326,"0",0,0,0,0,"1",0,"0","0",0,0,0,0,0,0,"0",8,8,0,0,0,0,1,0,0,255,255,1,0,0,0,0,0,0,0,"normal"
0,"tcp","private","S0",0,0,"0",0,0,0,0,"0",0,"0","0",0,0,0,0,0,0,"0",113,2,1,1,0,0,0.02,0.09,0,255,2,0.01,0.08,0,0,1,1,0,0,"dos"
0,"tcp","private","REJ",0,0,"0",0,0,0,0,"0",0,"0","0",0,0,0,0,0,0,"0",129,10,0,0,1,1,0.08,0.06,0,255,10,0.04,0.07,0,0,0,0,1,1,"dos"
0,"tcp","http","SF",307,237,"0",0,0,0,0,"1",0,"0","0",0,0,0,0,0,0,"0",3,3,0,0,0,0,1,0,0,93,255,1,0,0.01,0.04,0,0,0,0,"normal"
0,"tcp","private","S0",0,0,"0",0,0,0,0,"0",0,"0","0",0,0,0,0,0,0,"0",238,20,1,1,0,0,0.08,0.07,0,255,20,0.08,0.07,0,0,1,1,0,0,"dos"
0,"tcp","private","REJ",0,0,"0",0,0,0,0,"0",0,"0","0",0,0,0,0,0,0,"0",115,14,0,0,1,1,0.12,0.06,0,255,14,0.05,0.07,0,0,0,0,1,1,"dos"
0,"tcp","http","SF",210,259,"0",0,0,0,0,"1",0,"0","0",0,0,0,0,0,0,"0",42,42,0,0,0,0,1,0,0,255,255,1,0,0,0,0,0,0,0,"normal"
0,"tcp","whois","S0",0,0,"0",0,0,0,0,"0",0,"0","0",0,0,0,0,0,0,"0",282,11,1,1,0,0,0.04,0.06,0,255,10,0.04,0.05,0,0,1,1,0,0,"dos"
0,"tcp","http","SF",306,365,"0",0,0,0,0,"1",0,"0","0",0,0,0,0,0,0,"0",22,22,0,0,0,0,1,0,0,255,255,1,0,0,0,0,0,0,0,"normal"
0,"tcp","private","S0",0,0,"0",0,0,0,0,"0",0,"0","0",0,0,0,0,0,0,"0",96,3,1,1,0,0,0.03,0.08,0,255,3,0.01,0.07,0,0,1,1,0,0,"dos"
0,"tcp","private","S0",0,0,"0",0,0,0,0,"0",0,"0","0",0,0,0,0,0,0,"0",139,16,1,1,0,0,0.12,0.06,0,255,10,0.04,0.07,0,0,1,1,0,0,"dos"
0,"tcp","link","S0",0,0,"0",0,0,0,0,"0",0,"0","0",0,0,0,0,0,0,"0",281,11,1,1,0,0,0.04,0.06,0,255,11,0.04,0.07,0,0,1,1,0,0,"dos"
0,"tcp","http","SF",200,296,"0",0,0,0,0,"1",0,"0","0",0,0,0,0,0,0,"0",5,8,0,0,0,0,1,0,0.25,116,255,1,0,0.01,0.02,0,0,0,0,"normal"
