3,BankReimbursment,2
0,"tcp","private","REJ",0,0,"0",0,0,0,0,"0",0,"0","0",0,0,0,0,0,0,"0",196,8,0,0,1,1,0.04,0.07,0,255,8,0.03,0.07,0,0,0,0,1,1,"dos"
0,"tcp","private","S0",0,0,"0",0,0,0,0,"0",0,"0","0",0,0,0,0,0,0,"0",145,16,1,1,0,0,0.11,0.06,0,255,18,0.07,0.07,0,0,1,1,0,0,"dos"
0,"tcp","http","REJ",0,0,"0",0,0,0,0,"0",0,"0","0",0,0,0,0,0,0,"0",1,1,0,0,1,1,1,0,0,6,229,1,0,0.17,0.16,0,0,1,0.76,"normal"
0,"tcp","http","SF",307,1068,"0",0,0,0,0,"1",0,"0","0",0,0,0,0,0,0,"0",10,11,0,0,0,0,1,0,0.18,157,255,1,0,0.01,0.01,0,0,0,0,"normal"
0,"tcp","http","SF",324,2698,"0",0,0,0,0,"1",0,"0","0",0,0,0,0,0,0,"0",32,36,0,0,0,0,1,0,0.11,255,255,1,0,0,0,0,0,0,0,"normal"
0,"tcp","http","SF",229,353,"0",0,0,0,0,"1",0,"0","0",0,0,0,0,0,0,"0",13,22,0,0,0,0,1,0,0.14,13,255,1,0,0.08,0.05,0,0,0,0,"normal"
0,"tcp","http","SF",215,9769,"0",0,0,0,0,"1",0,"0","0",0,0,0,0,0,0,"0",6,26,0,0,0,0,1,0,0.15,24,134,1,0,0.04,0.07,0,0,0,0,"normal"
0,"tcp","private","S0",0,0,"0",0,0,0,0,"0",0,"0","0",0,0,0,0,0,0,"0",123,17,1,1,0,0,0.14,0.06,0,255,4,0.02,0.07,0,0,1,1,0,0,"dos"
0,"tcp","login","S0",0,0,"0",0,0,0,0,"0",0,"0","0",0,0,0,0,0,0,"0",143,20,1,1,0,0,0.14,0.06,0,255,20,0.08,0.06,0,0,1,1,0,0,"dos"
0,"tcp","private","S0",0,0,"0",0,0,0,0,"0",0,"0","0",0,0,0,0,0,0,"0",103,19,1,1,0,0,0.18,0.06,0,255,19,0.07,0.06,0,0,1,1,0,0,"dos"
0,"tcp","http","SF",210,4768,"0",0,0,0,0,"1",0,"0","0",0,0,0,0,0,0,"0",25,25,0,0,0,0,1,0,0,255,255,1,0,0,0,0,0,0,0,"normal"
0,"tcp","smtp","SF",1754,327,"0",0,0,0,0,"1",0,"0","0",0,0,0,0,0,0,"0",1,1,0,0,0,0,1,0,0,146,145,0.51,0.05,0.01,0.01,0,0,0,0,"normal"
0,"udp","domain_u","SF",43,65,"0",0,0,0,0,"0",0,"0","0",0,0,0,0,0,0,"0",263,263,0,0,0,0,1,0.01,0.01,255,254,1,0.01,0,0,0,0,0,0,"normal"
0,"tcp","http","SF",187,7182,"0",0,0,0,0,"1",0,"0","0",0,0,0,0,0,0,"0",1,1,0,0,0,0,1,0,0,70,255,1,0,0.01,0.02,0,0,0,0,"normal"
0,"tcp","private","S0",0,0,"0",0,0,0,0,"0",0,"0","0",0,0,0,0,0,0,"0",139,18,1,1,0,0,0.13,0.06,0,255,18,0.07,0.08,0,0,1,1,0,0,"dos"
3123,"udp","other","SF",146,105,"0",0,0,0,0,"0",0,"0","0",0,0,0,0,0,0,"0",1,1,0,0,0,0,1,0,0,255,2,0.01,0.71,0.96,0,0,0,0,0,"normal"
0,"tcp","http","SF",178,487,"0",0,0,0,0,"1",0,"0","0",0,0,0,0,0,0,"0",1,1,0,0,0,0,1,0,0,2,255,1,0,0.5,0.05,0,0,0,0,"normal"
0,"tcp","http","SF",213,8281,"0",0,0,0,0,"1",0,"0","0",0,0,0,0,0,0,"0",11,12,0,0,0,0,1,0,0.17,12,255,1,0,0.08,0.05,0,0,0,0,"normal"
0,"tcp","http","SF",326,638,"0",0,0,0,0,"1",0,"0","0",0,0,0,0,0,0,"0",18,48,0,0.04,0,0.02,1,0,0.19,56,255,1,0,0.02,0.02,0,0,0,0,"normal"
0,"tcp","http","SF",144,10500,"0",0,0,0,0,"1",0,"0","0",0,0,0,0,0,0,"0",1,14,0,0,0,0,1,0,0.14,1,255,1,0,1,0.05,0,0,0,0,"normal"
0,"tcp","iso_tsap","S0",0,0,"0",0,0,0,0,"0",0,"0","0",0,0,0,0,0,0,"0",252,9,1,1,0,0,0.04,0.06,0,255,9,0.04,0.07,0,0,1,1,0,0,"dos"
0,"tcp","http","SF",300,1146,"0",0,0,0,0,"1",0,"0","0",0,0,0,0,0,0,"0",2,2,0,0,0,0,1,0,0,119,255,1,0,0.02,0.02,0,0,0,0,"normal"
0,"tcp","private","S0",0,0,"0",0,0,0,0,"0",0,"0","0",0,0,0,0,0,0,"0",58,9,1,1,0,0,0.16,0.07,0,255,9,0.04,0.06,0,0,1,1,0,0,"dos"
0,"tcp","telnet","RSTO",126,179,"0",0,0,1,1,"0",0,"0","0",0,0,0,0,0,0,"0",1,1,0,0,1,1,1,0,0,32,32,1,0,0.03,0,0.06,0.06,0.94,0.94,"r2l"
0,"tcp","http","SF",228,972,"0",0,0,0,0,"1",0,"0","0",0,0,0,0,0,0,"0",4,4,0,0,0,0,1,0,0,255,255,1,0,0,0,0,0,0,0,"normal"
0,"icmp","eco_i","SF",8,0,"0",0,0,0,0,"0",0,"0","0",0,0,0,0,0,0,"0",1,43,0,0,0,0,1,0,1,1,95,1,0,1,0.51,0,0,0,0,"probe"
0,"tcp","private","S0",0,0,"0",0,0,0,0,"0",0,"0","0",0,0,0,0,0,0,"0",222,4,1,1,0,0,0.02,0.07,0,255,10,0.04,0.09,0,0,1,1,0,0,"dos"
0,"tcp","http","SF",345,398,"0",0,0,0,0,"1",0,"0","0",0,0,0,0,0,0,"0",7,7,0,0,0,0,1,0,0,255,255,1,0,0,0,0,0,0,0,"normal"
0,"tcp","http","SF",169,13635,"0",0,0,0,0,"1",0,"0","0",0,0,0,0,0,0,"0",1,1,0,0,0,0,1,0,0,103,255,1,0,0.01,0.02,0.01,0,0,0,"normal"
0,"tcp","http","S2",54540,8315,"0",0,0,0,0,"1",0,"0","0",0,0,0,0,0,0,"0",2,2,0.5,0.5,0,0,1,0,0,255,255,1,0,0,0,0,0,0.04,0.04,"dos"
0,"tcp","http","SF",297,2723,"0",0,0,0,0,"1",0,"0","0",0,0,0,0,0,0,"0",32,38,0,0,0,0,1,0,0.05,248,255,1,0,0,0.01,0,0,0,0,"normal"
0,"tcp","private","S0",0,0,"0",0,0,0,0,"0",0,"0","0",0,0,0,0,0,0,"0",109,13,1,1,0,0,0.12,0.06,0,255,13,0.05,0.06,0,0,1,1,0,0,"dos"
0,"tcp","private","S0",0,0,"0",0,0,0,0,"0",0,"0","0",0,0,0,0,0,0,"0",92,3,1,1,0,0,0.03,0.07,0,255,3,0.01,0.08,0,0,1,1,0,0,"dos"
0,"tcp","http","SF",240,724,"0",0,0,0,0,"1",0,"0","0",0,0,0,0,0,0,"0",6,36,0,0,0,0,1,0,0.06,255,255,1,0,0,0,0,0,0,0,"normal"
0,"tcp","http","SF",224,7937,"0",0,0,0,0,"1",0,"0","0",0,0,0,0,0,0,"0",11,11,0,0,0,0,1,0,0,51,255,1,0,0.02,0.02,0,0,0,0,"normal"
0,"tcp","http","REJ",0,0,"0",0,0,0,0,"0",0,"0","0",0,0,0,0,0,0,"0",1,1,0,0,1,1,1,0,0,17,246,1,0,0.06,0.04,0,0,0.24,0.74,"normal"
0,"tcp","smtp","SF",1018,337,"0",0,0,0,0,"1",0,"0","0",0,1,0,0,0,0,"0",1,1,0,0,0,0,1,0,0,2,177,1,0,0.5,0.02,0,0,0,0,"normal"
0,"tcp","http","SF",287,287,"0",0,0,0,0,"1",0,"0","0",0,0,0,0,0,0,"0",10,16,0,0,0,0,1,0,0.19,10,255,1,0,0.1,0.04,0,0,0,0,"normal"
0,"tcp","ftp_data","SF",491,0,"0",0,0,0,0,"0",0,"0","0",0,0,0,0,0,0,"0",2,2,0,0,0,0,1,0,0,173,82,0.25,0.02,0.25,0.02,0,0,0,0,"normal"
3,"tcp","smtp","SF",1021,327,"0",0,0,0,0,"1",0,"0","0",0,0,0,0,0,0,"0",1,1,0,0,0,0,1,0,0,255,91,0.36,0.02,0,0,0,0,0,0,"normal"
0,"udp","domain_u","SF",42,42,"0",0,0,0,0,"0",0,"0","0",0,0,0,0,0,0,"0",3,5,0,0,0,0,1,0,0.4,255,253,0.99,0.01,0,0,0,0,0,0,"normal"
0,"tcp","http","SF",208,2531,"0",0,0,0,0,"1",0,"0","0",0,0,0,0,0,0,"0",8,8,0,0,0,0,1,0,0,255,255,1,0,0,0,0,0,0,0,"normal"
0,"udp","domain_u","SF",44,129,"0",0,0,0,0,"0",0,"0","0",0,0,0,0,0,0,"0",64,142,0,0,0,0,1,0,0.01,240,120,0.5,0.02,0,0,0,0,0,0,"normal"
0,"udp","other","SF",147,0,"0",0,0,0,0,"0",0,"0","0",0,0,0,0,0,0,"0",1,1,0,0,0,0,1,0,0,133,1,0.01,0.57,0.86,0,0,0,0,0,"normal"
0,"tcp","http","SF",294,1024,"0",0,0,0,0,"1",0,"0","0",0,0,0,0,0,0,"0",7,7,0,0,0,0,1,0,0,255,255,1,0,0,0,0,0,0,0,"normal"
0,"tcp","smtp","SF",849,282,"0",0,0,0,0,"1",0,"0","0",0,0,0,0,0,0,"0",1,1,0,0,0,0,1,0,0,255,170,0.67,0.02,0,0,0,0,0,0,"normal"
0,"icmp","ecr_i","SF",1032,0,"0",0,0,0,0,"0",0,"0","0",0,0,0,0,0,0,"0",137,137,0,0,0,0,1,0,0,255,255,1,0,1,0,0,0,0,0,"dos"
10,"udp","private","SF",105,147,"0",0,0,0,0,"0",0,"0","0",0,0,0,0,0,0,"0",2,2,0,0,0,0,1,0,0,255,212,0.83,0.01,0.01,0,0,0,0,0,"normal"
0,"tcp","http","SF",277,334,"0",0,0,0,0,"1",0,"0","0",0,0,0,0,0,0,"0",10,12,0,0,0,0,1,0,0.25,125,255,1,0,0.01,0.02,0,0.01,0.2,0.12,"normal"
0,"tcp","private","S0",0,0,"0",0,0,0,0,"0",0,"0","0",0,0,0,0,0,0,"0",120,15,1,1,0,0,0.12,0.06,0,255,15,0.06,0.06,0,0,1,1,0,0,"dos"
0,"tcp","private","S0",0,0,"0",0,0,0,0,"0",0,"0","0",0,0,0,0,0,0,"0",235,12,1,1,0,0,0.05,0.06,0,255,9,0.04,0.07,0,0,1,1,0,0,"dos"
0,"tcp","http","SF",284,1198,"0",0,0,0,0,"1",0,"0","0",0,0,0,0,0,0,"0",3,3,0,0,0,0,1,0,0,255,255,1,0,0,0,0,0,0,0,"normal"
0,"tcp","http","SF",243,1012,"0",0,0,0,0,"1",0,"0","0",0,0,0,0,0,0,"0",25,25,0,0,0,0,1,0,0,255,255,1,0,0,0,0,0,0,0,"normal"
0,"tcp","http","SF",343,1714,"0",0,0,0,0,"1",0,"0","0",0,0,0,0,0,0,"0",13,13,0,0,0,0,1,0,0,255,255,1,0,0,0,0,0,0,0,"normal"
0,"tcp","http","SF",210,626,"0",0,0,0,0,"1",0,"0","0",0,0,0,0,0,0,"0",12,13,0,0,0,0,1,0,0.15,255,255,1,0,0,0,0,0,0,0,"normal"
0,"tcp","smtp","SF",669,332,"0",0,0,0,0,"1",0,"0","0",0,0,0,0,0,0,"0",1,1,0,0,0,0,1,0,0,179,146,0.82,0.02,0.01,0,0,0,0,0,"normal"
0,"tcp","private","S0",0,0,"0",0,0,0,0,"0",0,"0","0",0,0,0,0,0,0,"0",95,3,1,1,0,0,0.03,0.07,0,255,3,0.01,0.09,0,0,1,1,0,0,"dos"
0,"tcp","private","REJ",0,0,"0",0,0,0,0,"0",0,"0","0",0,0,0,0,0,0,"0",116,1,0,0,1,1,0.01,0.08,0,255,1,0,0.07,0,0,0,0,1,1,"dos"
0,"udp","private","SF",28,0,"0",3,0,0,0,"0",0,"0","0",0,0,0,0,0,0,"0",60,60,0,0,0,0,1,0,0,255,160,0.63,0.38,0.63,0,0.09,0,0.29,0,"dos"
0,"udp","domain_u","SF",42,42,"0",0,0,0,0,"0",0,"0","0",0,0,0,0,0,0,"0",3,5,0,0,0,0,1,0,0.4,255,249,0.98,0.01,0,0,0,0,0,0,"normal"
0,"tcp","smtp","S0",0,0,"0",0,0,0,0,"0",0,"0","0",0,0,0,0,0,0,"0",287,1,1,1,0,0,0,0.06,0,255,1,0,0.07,0,0,1,1,0,0,"dos"
0,"tcp","http","SF",272,5279,"0",0,0,0,0,"1",0,"0","0",0,0,0,0,0,0,"0",4,5,0,0,0,0,1,0,0.4,255,255,1,0,0,0,0,0,0,0,"normal"
0,"tcp","http","SF",230,185,"0",0,0,0,0,"1",0,"0","0",0,0,0,0,0,0,"0",6,8,0,0,0,0,1,0,0.25,255,255,1,0,0,0,0,0,0,0,"normal"
0,"tcp","http","SF",211,3464,"0",0,0,0,0,"1",0,"0","0",0,0,0,0,0,0,"0",4,5,0,0,0,0,1,0,0.4,4,255,1,0,0.25,0.07,0,0,0,0.01,"normal"
0,"tcp","http","SF",198,5989,"0",0,0,0,0,"1",0,"0","0",0,0,0,0,0,0,"0",8,8,0,0,0,0,1,0,0,255,255,1,0,0,0,0,0,0,0,"normal"
0,"tcp","private","S0",0,0,"0",0,0,0,0,"0",0,"0","0",0,0,0,0,0,0,"0",271,7,1,1,0,0,0.03,0.06,0,255,17,0.07,0.06,0,0,1,1,0,0,"dos"
0,"tcp","private","REJ",0,0,"0",0,0,0,0,"0",0,"0","0",0,0,0,0,0,0,"0",127,19,0,0,1,1,0.15,0.06,0,255,19,0.07,0.07,0,0,0,0,1,1,"dos"
0,"tcp","private","REJ",0,0,"0",0,0,0,0,"0",0,"0","0",0,0,0,0,0,0,"0",266,15,0,0,1,1,0.06,0.06,0,255,15,0.06,0.07,0,0,0,0,1,1,"dos"
0,"tcp","private","REJ",0,0,"0",0,0,0,0,"0",0,"0","0",0,0,0,0,0,0,"0",204,10,0,0,1,1,0.05,0.07,0,255,10,0.04,0.07,0,0,0,0,1,1,"dos"
0,"tcp","http","SF",331,294,"0",0,0,0,0,"1",0,"0","0",0,0,0,0,0,0,"0",1,22,0,0,0,0,1,0,0.18,255,255,1,0,0,0,0,0,0,0,"normal"
0,"tcp","http","SF",207,348,"0",0,0,0,0,"1",0,"0","0",0,0,0,0,0,0,"0",26,26,0,0,0,0,1,0,0,27,255,1,0,0.04,0.03,0,0,0,0,"normal"
0,"tcp","private","REJ",0,0,"0",0,0,0,0,"0",0,"0","0",0,0,0,0,0,0,"0",256,17,0,0,1,1,0.07,0.06,0,255,17,0.07,0.08,0,0,0,0,1,1,"dos"
1,"tcp","smtp","SF",1312,327,"0",0,0,0,0,"1",0,"0","0",0,0,0,0,0,0,"0",1,3,0,0,0,0,1,0,1,163,186,0.68,0.04,0.01,0.01,0.01,0,0,0,"normal"
0,"tcp","finger","SF",8,136,"0",0,0,0,0,"0",0,"0","0",0,0,0,0,0,0,"0",1,1,0,0,0,0,1,0,0,255,11,0.04,0.03,0,0,0,0,0,0,"normal"
0,"tcp","http","SF",162,8529,"0",0,0,0,0,"1",0,"0","0",0,0,0,0,0,0,"0",1,1,0,0,0,0,1,0,0,1,36,1,0,1,0.08,0,0.03,0,0,"normal"
0,"tcp","http","SF",259,245,"0",0,0,0,0,"1",0,"0","0",0,0,0,0,0,0,"0",11,13,0,0,0,0,1,0,0.15,64,255,1,0,0.02,0.03,0,0.01,0,0,"normal"
0,"tcp","private","REJ",0,0,"0",0,0,0,0,"0",0,"0","0",0,0,0,0,0,0,"0",118,10,0,0,1,1,0.08,0.06,0,255,10,0.04,0.06,0,0,0,0,1,1,"dos"
0,"tcp","private","S0",0,0,"0",0,0,0,0,"0",0,"0","0",0,0,0,0,0,0,"0",101,10,1,1,0,0,0.1,0.06,0,255,17,0.07,0.06,0,0,1,1,0,0,"dos"
0,"tcp","http","SF",229,378,"0",0,0,0,0,"1",0,"0","0",0,0,0,0,0,0,"0",5,5,0,0,0,0,1,0,0,37,39,1,0,0.03,0.05,0,0,0,0,"normal"
0,"tcp","http","SF",327,2662,"0",0,0,0,0,"1",0,"0","0",0,0,0,0,0,0,"0",2,8,0,0,0,0,1,0,0.38,210,255,1,0,0,0.01,0,0,0,0,"normal"
0,"tcp","http","SF",300,14087,"0",0,0,0,0,"1",0,"0","0",0,0,0,0,0,0,"0",7,7,0,0,0,0,1,0,0,41,255,1,0,0.02,0.04,0,0,0,0,"normal"
2,"tcp","smtp","SF",787,334,"0",0,0,0,0,"1",0,"0","0",0,0,0,0,0,0,"0",1,1,0,0,0,0,1,0,0,132,72,0.39,0.04,0.01,0.03,0,0,0.01,0,"normal"
0,"tcp","private","S0",0,0,"0",0,0,0,0,"0",0,"0","0",0,0,0,0,0,0,"0",158,25,1,1,0,0,0.16,0.05,0,255,25,0.1,0.05,0,0,1,1,0,0,"dos"
0,"tcp","http","SF",288,3451,"0",0,0,0,0,"1",0,"0","0",0,0,0,0,0,0,"0",5,12,0,0,0,0,1,0,0.17,90,255,1,0,0.01,0.05,0.01,0,0,0,"normal"
0,"tcp","http","SF",355,397,"0",0,0,0,0,"1",0,"0","0",0,0,0,0,0,0,"0",24,24,0,0,0,0,1,0,0,255,255,1,0,0,0,0,0,0,0,"normal"
0,"tcp","private","S0",0,0,"0",0,0,0,0,"0",0,"0","0",0,0,0,0,0,0,"0",275,10,1,1,0,0,0.04,0.06,0,255,10,0.04,0.08,0,0,1,1,0,0,"dos"
0,"tcp","http","SF",304,2698,"0",0,0,0,0,"1",0,"0","0",0,0,0,1,0,0,"0",2,2,0,0,0,0,1,0,0,255,246,0.96,0.01,0,0,0,0,0,0,"normal"
0,"tcp","private","S0",0,0,"0",0,0,0,0,"0",0,"0","0",0,0,0,0,0,0,"0",286,18,1,1,0,0,0.06,0.05,0,255,8,0.03,0.07,0,0,1,1,0,0,"dos"
0,"tcp","private","S0",0,0,"0",0,0,0,0,"0",0,"0","0",0,0,0,0,0,0,"0",208,4,1,1,0,0,0.02,0.05,0,255,4,0.02,0.06,0,0,1,1,0,0,"dos"
0,"icmp","ecr_i","SF",1032,0,"0",0,0,0,0,"0",0,"0","0",0,0,0,0,0,0,"0",394,394,0,0,0,0,1,0,0,255,255,1,0,1,0,0,0,0,0,"dos"
0,"tcp","http","SF",325,989,"0",0,0,0,0,"1",0,"0","0",0,0,0,0,0,0,"0",1,1,0,0,0,0,1,0,0,255,255,1,0,0,0,0,0,0,0,"normal"
0,"tcp","private","S0",0,0,"0",0,0,0,0,"0",0,"0","0",0,0,0,0,0,0,"0",207,18,1,1,0,0,0.09,0.06,0,255,18,0.07,0.07,0,0,1,1,0,0,"dos"
0,"tcp","ftp_data","SF",1342,0,"0",0,0,0,0,"1",0,"0","0",0,0,0,0,0,0,"0",4,4,0,0,0,0,1,0,0,20,10,0.5,0.2,0.5,0,0,0,0,0,"normal"
0,"tcp","http","SF",243,1160,"0",0,0,0,0,"1",0,"0","0",0,0,0,0,0,0,"0",7,7,0,0,0,0,1,0,0,255,255,1,0,0,0,0,0,0,0,"normal"
0,"tcp","http","SF",206,13734,"0",0,0,0,0,"1",0,"0","0",0,0,0,0,0,0,"0",8,9,0,0,0,0,1,0,0.22,11,255,1,0,0.09,0.05,0,0,0,0,"normal"
0,"tcp","private","S0",0,0,"0",0,0,0,0,"0",0,"0","0",0,0,0,0,0,0,"0",206,18,1,1,0,0,0.09,0.06,0,255,17,0.07,0.07,0,0,1,1,0,0,"dos"
0,"tcp","private","REJ",0,0,"0",0,0,0,0,"0",0,"0","0",0,0,0,0,0,0,"0",280,12,0,0,1,1,0.04,0.06,0,255,12,0.05,0.09,0,0,0,0,1,1,"dos"
0,"tcp","http","SF",211,1081,"0",0,0,0,0,"1",0,"0","0",0,0,0,0,0,0,"0",23,28,0,0,0,0,1,0,0.14,255,255,1,0,0,0,0,0,0,0,"normal"
0,"tcp","http","SF",315,392,"0",0,0,0,0,"1",0,"0","0",0,0,0,0,0,0,"0",32,36,0,0,0,0,1,0,0.14,202,215,1,0,0,0.01,0,0,0,0,"normal"
0,"tcp","private","S0",0,0,"0",0,0,0,0,"0",0,"0","0",0,0,0,0,0,0,"0",129,16,1,1,0,0,0.12,0.07,0,255,19,0.07,0.07,0,0,1,1,0,0,"dos"
