3,BankReimbursment,2
0,"tcp","smtp","SF",2659,400,"0",0,0,0,0,"1",0,"0","0",0,0,0,0,0,0,"0",1,1,0,0,0,0,1,0,0,10,153,0.8,0.2,0.1,0.01,0,0,0,0,"normal"
0,"tcp","http","SF",230,602,"0",0,0,0,0,"1",0,"0","0",0,0,0,0,0,0,"0",29,29,0,0,0,0,1,0,0,255,255,1,0,0,0,0,0,0,0,"normal"
0,"tcp","http","SF",314,810,"0",0,0,0,0,"1",0,"0","0",0,0,0,0,0,0,"0",19,19,0,0,0,0,1,0,0,255,255,1,0,0,0,0,0,0,0,"normal"
2423,"udp","other","SF",146,105,"0",0,0,0,0,"0",0,"0","0",0,0,0,0,0,0,"0",4,2,0,0,0,0,0.5,0.5,0,255,2,0.01,0.85,1,0,0,0,0,0,"normal"
0,"tcp","http","SF",216,301,"0",0,0,0,0,"1",0,"0","0",0,0,0,0,0,0,"0",10,10,0,0,0,0,1,0,0,255,255,1,0,0,0,0,0,0,0,"normal"
0,"tcp","http","SF",225,10639,"0",0,0,0,0,"1",0,"0","0",0,0,0,0,0,0,"0",7,32,0,0,0,0,1,0,0.12,145,255,1,0,0.01,0.03,0,0,0,0,"normal"
0,"tcp","http","SF",203,2996,"0",0,0,0,0,"1",0,"0","0",0,0,0,0,0,0,"0",12,12,0.08,0.08,0,0,1,0,0,255,255,1,0,0,0,0.01,0.01,0.02,0.02,"normal"
0,"tcp","http","SF",251,271,"0",0,0,0,0,"1",0,"0","0",0,0,0,0,0,0,"0",6,6,0,0,0,0,1,0,0,255,238,0.93,0.01,0,0,0,0,0.02,0.02,"normal"
0,"tcp","http","SF",326,5794,"0",0,0,0,0,"1",0,"0","0",0,0,0,0,0,0,"0",10,10,0,0,0,0,1,0,0,228,255,1,0,0,0.01,0,0,0,0,"normal"
0,"tcp","http","REJ",0,0,"0",0,0,0,0,"0",0,"0","0",0,0,0,0,0,0,"0",13,13,0,0,0.69,0.69,1,0,0,16,169,1,0,0.06,0.22,0,0,0.75,0.98,"normal"
0,"tcp","http","SF",288,1596,"0",0,0,0,0,"1",0,"0","0",0,0,0,0,0,0,"0",12,12,0,0,0,0,1,0,0,255,255,1,0,0,0,0,0,0,0,"normal"
0,"tcp","http","SF",199,812,"0",0,0,0,0,"1",0,"0","0",0,0,0,0,0,0,"0",13,13,0.08,0.08,0,0,1,0,0,255,255,1,0,0,0,0,0,0,0,"normal"
0,"tcp","hostnames","RSTR",0,0,"0",0,0,0,0,"0",0,"0","0",0,0,0,0,0,0,"0",1,1,0,0,1,1,1,0,0,255,1,0,0.4,0.4,0,0,0,0.4,1,"probe"
0,"udp","domain_u","SF",33,0,"0",0,0,0,0,"0",0,"0","0",0,0,0,0,0,0,"0",1,2,0,0,0,0,1,0,1,155,23,0.07,0.04,0.07,0.09,0.03,0,0,0,"normal"
0,"tcp","http","SF",214,2592,"0",0,0,0,0,"1",0,"0","0",0,0,0,0,0,0,"0",31,34,0,0,0,0,1,0,0.12,255,255,1,0,0,0,0,0,0,0,"normal"
0,"tcp","private","S0",0,0,"0",0,0,0,0,"0",0,"0","0",0,0,0,0,0,0,"0",270,16,1,1,0,0,0.06,0.04,0,255,16,0.06,0.05,0,0,1,1,0,0,"dos"
0,"tcp","private","S0",0,0,"0",0,0,0,0,"0",0,"0","0",0,0,0,0,0,0,"0",83,19,1,1,0,0,0.23,0.06,0,255,19,0.07,0.07,0,0,1,1,0,0,"dos"
0,"tcp","private","S0",0,0,"0",0,0,0,0,"0",0,"0","0",0,0,0,0,0,0,"0",229,11,1,1,0,0,0.05,0.06,0,255,18,0.07,0.06,0,0,1,1,0,0,"dos"
0,"tcp","http","SF",309,763,"0",0,0,0,0,"1",0,"0","0",0,0,0,0,0,0,"0",2,13,0,0.15,0,0,1,0,0.23,27,255,1,0,0.04,0.02,0,0.01,0,0,"normal"
0,"tcp","private","S0",0,0,"0",0,0,0,0,"0",0,"0","0",0,0,0,0,0,0,"0",230,13,1,1,0,0,0.06,0.07,0,255,13,0.05,0.07,0,0,1,1,0,0,"dos"
0,"tcp","http","SF",324,647,"0",0,0,0,0,"1",0,"0","0",0,0,0,0,0,0,"0",7,9,0,0,0,0,1,0,0.22,86,255,1,0,0.01,0.05,0,0,0,0,"normal"
0,"tcp","http","SF",374,2841,"0",0,0,0,0,"1",0,"0","0",0,0,0,0,0,0,"0",5,5,0,0,0,0,1,0,0,255,255,1,0,0,0,0,0,0,0,"normal"
0,"tcp","private","REJ",0,0,"0",0,0,0,0,"0",0,"0","0",0,0,0,0,0,0,"0",131,9,0,0,1,1,0.07,0.07,0,255,9,0.04,0.06,0,0,0,0,1,1,"dos"
0,"tcp","private","S0",0,0,"0",0,0,0,0,"0",0,"0","0",0,0,0,0,0,0,"0",137,9,1,1,0,0,0.07,0.06,0,255,9,0.04,0.06,0,0,1,1,0,0,"dos"
0,"tcp","http","SF",302,2239,"0",0,0,0,0,"1",0,"0","0",0,0,0,0,0,0,"0",5,5,0,0,0,0,1,0,0,255,236,0.93,0.02,0,0,0,0,0,0,"normal"
0,"udp","private","SF",28,0,"0",3,0,0,0,"0",0,"0","0",0,0,0,0,0,0,"0",64,64,0,0,0,0,1,0,0,136,64,0.47,0.03,0.47,0,0,0,0,0,"dos"
0,"tcp","http","SF",305,1525,"0",0,0,0,0,"1",0,"0","0",0,0,0,0,0,0,"0",27,35,0,0,0,0,1,0,0.09,44,255,1,0,0.02,0.02,0,0,0,0,"normal"
0,"tcp","private","S0",0,0,"0",0,0,0,0,"0",0,"0","0",0,0,0,0,0,0,"0",159,25,1,1,0,0,0.16,0.05,0,255,25,0.1,0.05,0,0,1,1,0,0,"dos"
0,"tcp","private","S0",0,0,"0",0,0,0,0,"0",0,"0","0",0,0,0,0,0,0,"0",286,14,1,1,0,0,0.05,0.06,0,255,14,0.05,0.07,0,0,1,1,0,0,"dos"
0,"tcp","ftp_data","SF",6932,0,"0",0,0,0,0,"1",0,"0","0",0,0,0,0,0,0,"0",2,2,0,0,0,0,1,0,0,66,55,0.12,0.08,0.12,0.04,0,0,0,0,"normal"
0,"tcp","ftp_data","SF",245,0,"0",0,0,0,0,"1",0,"0","0",1,0,0,0,0,0,"0",2,2,0,0,0,0,1,0,0,80,26,0.32,0.05,0.32,0,0,0,0,0,"normal"
0,"tcp","private","REJ",0,0,"0",0,0,0,0,"0",0,"0","0",0,0,0,0,0,0,"0",202,2,0,0,1,1,0.01,0.07,0,255,2,0.01,0.08,0,0,0,0,1,1,"dos"
0,"tcp","private","S0",0,0,"0",0,0,0,0,"0",0,"0","0",0,0,0,0,0,0,"0",138,20,1,1,0,0,0.14,0.05,0,255,3,0.01,0.07,0,0,1,1,0,0,"dos"
0,"tcp","http","SF",317,1927,"0",0,0,0,0,"1",0,"0","0",0,0,0,0,0,0,"0",20,30,0,0,0,0,1,0,0.1,119,255,1,0,0.01,0.03,0,0,0,0,"normal"
0,"tcp","private","S0",0,0,"0",0,0,0,0,"0",0,"0","0",0,0,0,0,0,0,"0",275,6,1,1,0,0,0.02,0.06,0,255,6,0.02,0.08,0,0,1,1,0,0,"dos"
0,"tcp","private","S0",0,0,"0",0,0,0,0,"0",0,"0","0",0,0,0,0,0,0,"0",129,19,1,1,0,0,0.15,0.05,0,255,19,0.07,0.06,0,0,1,1,0,0,"dos"
0,"tcp","http","SF",226,1440,"0",0,0,0,0,"1",0,"0","0",0,0,0,0,0,0,"0",27,28,0,0,0,0,1,0,0.07,255,255,1,0,0,0,0,0,0,0,"normal"
0,"tcp","private","S0",0,0,"0",0,0,0,0,"0",0,"0","0",0,0,0,0,0,0,"0",273,14,1,1,0,0,0.05,0.04,0,255,14,0.05,0.05,0,0,1,1,0,0,"dos"
30,"udp","domain_u","SF",30,30,"0",0,0,0,0,"0",0,"0","0",0,0,0,0,0,0,"0",1,4,0,0,0,0,1,0,0.5,255,240,0.94,0.01,0,0,0,0,0,0,"normal"
0,"tcp","http","SF",318,575,"0",0,0,0,0,"1",0,"0","0",0,0,0,0,0,0,"0",8,17,0,0,0,0,1,0,0.24,255,255,1,0,0.01,0,0,0,0,0,"normal"
0,"tcp","http","REJ",0,0,"0",0,0,0,0,"0",0,"0","0",0,0,0,0,0,0,"0",1,1,0,0,1,1,1,0,0,15,188,1,0,0.07,0.2,0,0,1,0.99,"normal"
0,"tcp","ftp_data","SF",740,0,"0",0,0,0,0,"0",0,"0","0",0,0,0,0,0,0,"0",2,2,0,0,0,0,1,0,0,31,51,0.26,0.1,0.26,0.04,0,0,0,0,"normal"
0,"tcp","private","S0",0,0,"0",0,0,0,0,"0",0,"0","0",0,0,0,0,0,0,"0",145,16,1,1,0,0,0.11,0.06,0,255,15,0.06,0.06,0,0,1,1,0,0,"dos"
0,"tcp","http","SF",198,1509,"0",0,0,0,0,"1",0,"0","0",0,0,0,0,0,0,"0",24,48,0,0,0,0,1,0,0.06,255,255,1,0,0,0,0,0,0,0,"normal"
0,"tcp","http","SF",228,2507,"0",0,0,0,0,"1",0,"0","0",0,0,0,0,0,0,"0",1,1,0,0,0,0,1,0,0,255,249,0.98,0.01,0,0,0,0,0,0,"normal"
0,"tcp","private","REJ",0,0,"0",0,0,0,0,"0",0,"0","0",0,0,0,0,0,0,"0",227,12,0,0,1,1,0.05,0.07,0,255,12,0.05,0.07,0,0,0,0,1,1,"dos"
0,"tcp","http","SF",237,4258,"0",0,0,0,0,"1",0,"0","0",0,0,0,0,0,0,"0",14,14,0,0,0,0,1,0,0,37,255,1,0,0.03,0.07,0,0,0.62,0.75,"normal"
0,"tcp","http","SF",291,1632,"0",0,0,0,0,"1",0,"0","0",0,0,0,0,0,0,"0",6,7,0,0,0,0,1,0,0.29,12,255,1,0,0.08,0.02,0,0,0,0,"normal"
0,"tcp","http","SF",248,525,"0",0,0,0,0,"1",0,"0","0",0,0,0,0,0,0,"0",12,12,0,0,0,0,1,0,0,238,255,1,0,0,0.02,0,0,0,0,"normal"
0,"tcp","private","S0",0,0,"0",0,0,0,0,"0",0,"0","0",0,0,0,0,0,0,"0",169,4,1,1,0,0,0.02,0.06,0,255,4,0.02,0.05,0,0,1,1,0,0,"dos"
0,"tcp","http","SF",336,774,"0",0,0,0,0,"1",0,"0","0",0,0,0,0,0,0,"0",19,36,0,0,0,0,1,0,0.11,255,255,1,0,0,0,0,0,0,0,"normal"
0,"tcp","private","S0",0,0,"0",0,0,0,0,"0",0,"0","0",0,0,0,0,0,0,"0",120,16,1,1,0,0,0.13,0.07,0,255,14,0.05,0.06,0,0,1,1,0,0,"dos"
0,"tcp","http","SF",208,7148,"0",0,0,0,0,"1",0,"0","0",0,0,0,0,0,0,"0",5,5,0,0,0,0,1,0,0,5,255,1,0,0.2,0.06,0,0,0,0,"normal"
0,"tcp","http","SF",376,753,"0",0,0,0,0,"1",0,"0","0",0,0,0,0,0,0,"0",6,10,0,0,0,0.1,1,0,0.4,151,255,1,0,0.01,0.02,0,0,0,0,"normal"
0,"tcp","private","REJ",0,0,"0",0,0,0,0,"0",0,"0","0",0,0,0,0,0,0,"0",239,19,0,0,1,1,0.08,0.07,0,255,19,0.07,0.08,0,0,0,0,1,1,"dos"
0,"tcp","http","REJ",0,0,"0",0,0,0,0,"0",0,"0","0",0,0,0,0,0,0,"0",1,1,0,0,1,1,1,0,0,9,255,1,0,0.11,0.08,0,0,1,0.85,"normal"
0,"tcp","http","SF",208,260,"0",0,0,0,0,"1",0,"0","0",0,0,0,0,0,0,"0",16,16,0,0,0,0,1,0,0,37,96,1,0,0.03,0.04,0,0.01,0,0,"normal"
0,"tcp","http","SF",336,5480,"0",0,0,0,0,"1",0,"0","0",0,0,0,0,0,0,"0",1,2,0,0,0,0,1,0,1,172,255,1,0,0.01,0.02,0,0,0,0,"normal"
0,"tcp","http","SF",310,4048,"0",0,0,0,0,"1",0,"0","0",0,0,0,0,0,0,"0",14,58,0,0.02,0,0,1,0,0.09,14,255,1,0,0.07,0.02,0,0,0,0,"normal"
0,"udp","domain_u","SF",42,42,"0",0,0,0,0,"0",0,"0","0",0,0,0,0,0,0,"0",7,11,0,0,0,0,1,0,0.18,255,237,0.93,0.01,0,0,0,0,0,0,"normal"
0,"tcp","http","SF",216,2909,"0",0,0,0,0,"1",0,"0","0",0,0,0,0,0,0,"0",10,10,0,0,0,0,1,0,0,45,255,1,0,0.02,0.03,0,0,0,0,"normal"
0,"tcp","private","S0",0,0,"0",0,0,0,0,"0",0,"0","0",0,0,0,0,0,0,"0",147,5,1,1,0,0,0.03,0.06,0,255,6,0.02,0.06,0,0,1,1,0,0,"dos"
0,"tcp","private","REJ",0,0,"0",0,0,0,0,"0",0,"0","0",0,0,0,0,0,0,"0",150,3,0,0,1,1,0.02,0.08,0,255,3,0.01,0.07,0,0,0,0,1,1,"dos"
0,"tcp","http","SF",54540,8314,"0",0,0,2,0,"1",1,"0","0",0,0,0,0,0,0,"0",4,4,0,0,0.25,0.25,1,0,0,147,147,1,0,0.01,0,0,0,0.05,0.05,"dos"
0,"tcp","private","S0",0,0,"0",0,0,0,0,"0",0,"0","0",0,0,0,0,0,0,"0",261,4,1,1,0,0,0.02,0.06,0,255,18,0.07,0.07,0,0,1,1,0,0,"dos"
0,"udp","domain_u","SF",43,78,"0",0,0,0,0,"0",0,"0","0",0,0,0,0,0,0,"0",64,65,0,0,0,0,1,0,0.03,255,254,1,0.01,0,0,0,0,0,0,"normal"
8,"udp","domain_u","SF",42,42,"0",0,0,0,0,"0",0,"0","0",0,0,0,0,0,0,"0",1,1,0,0,0,0,1,0,0,255,238,0.93,0.01,0,0,0,0,0,0,"normal"
5,"tcp","smtp","SF",722,329,"0",0,0,0,0,"1",0,"0","0",0,0,0,0,0,0,"0",1,4,0,0,0,0,1,0,1,98,147,0.56,0.03,0.01,0.01,0,0,0,0,"normal"
0,"tcp","http","SF",328,567,"0",0,0,0,0,"1",0,"0","0",0,0,0,0,0,0,"0",16,16,0,0,0,0,1,0,0,27,86,1,0,0.04,0.03,0,0.01,0,0,"normal"
0,"tcp","private","S0",0,0,"0",0,0,0,0,"0",0,"0","0",0,0,0,0,0,0,"0",137,16,1,1,0,0,0.12,0.04,0,255,16,0.06,0.05,0,0,1,1,0,0,"dos"
0,"tcp","private","S0",0,0,"0",0,0,0,0,"0",0,"0","0",0,0,0,0,0,0,"0",77,10,1,1,0,0,0.13,0.06,0,255,9,0.04,0.08,0,0,1,1,0,0,"dos"
0,"tcp","private","REJ",0,0,"0",0,0,0,0,"0",0,"0","0",0,0,0,0,0,0,"0",94,2,0,0,1,1,0.02,0.06,0,255,2,0.01,0.08,0,0,0,0,1,1,"dos"
0,"tcp","http","SF",255,2450,"0",0,0,0,0,"1",0,"0","0",0,0,0,0,0,0,"0",4,4,0,0,0,0,1,0,0,4,255,1,0,0.25,0.01,0,0,0,0,"normal"
0,"tcp","ftp_data","SF",4316,0,"0",0,0,0,0,"1",0,"0","0",0,0,1,0,0,0,"0",8,8,0,0,0,0,1,0,0,160,86,0.4,0.03,0.4,0.02,0,0,0,0,"normal"
0,"tcp","private","S0",0,0,"0",0,0,0,0,"0",0,"0","0",0,0,0,0,0,0,"0",121,18,1,1,0,0,0.15,0.06,0,255,19,0.07,0.06,0,0,1,1,0,0,"dos"
0,"tcp","private","S0",0,0,"0",0,0,0,0,"0",0,"0","0",0,0,0,0,0,0,"0",133,11,1,1,0,0,0.08,0.06,0,255,8,0.03,0.09,0,0,1,1,0,0,"dos"
0,"tcp","http","SF",267,381,"0",0,0,0,0,"1",0,"0","0",0,0,0,0,0,0,"0",9,9,0,0,0,0,1,0,0,105,255,1,0,0.01,0.02,0,0,0,0,"normal"
0,"tcp","private","S0",0,0,"0",0,0,0,0,"0",0,"0","0",0,0,0,0,0,0,"0",280,25,1,1,0,0,0.09,0.04,0,255,25,0.1,0.05,0,0,1,1,0,0,"dos"
0,"tcp","http","SF",265,432,"0",0,0,0,0,"1",0,"0","0",0,0,0,0,0,0,"0",1,1,0,0,0,0,1,0,0,3,255,1,0,0.33,0.06,0,0,0,0,"normal"
0,"tcp","private","REJ",0,0,"0",0,0,0,0,"0",0,"0","0",0,0,0,0,0,0,"0",240,12,0,0,1,1,0.05,0.07,0,255,12,0.05,0.08,0,0,0,0,1,1,"dos"
0,"tcp","telnet","S0",0,0,"0",0,0,0,0,"0",0,"0","0",0,0,0,0,0,0,"0",15,2,1,1,0,0,0.13,0.33,0,255,12,0.05,0.08,0,0,1,1,0,0,"dos"
0,"tcp","other","REJ",0,0,"0",0,0,0,0,"0",0,"0","0",0,0,0,0,0,0,"0",509,1,0.16,0,0.84,1,0,1,0,255,1,0,1,0,0,0.24,0,0.76,1,"probe"
0,"tcp","private","S0",0,0,"0",0,0,0,0,"0",0,"0","0",0,0,0,0,0,0,"0",105,13,1,1,0,0,0.12,0.06,0,255,13,0.05,0.07,0,0,1,1,0,0,"dos"
0,"tcp","smtp","SF",1823,330,"0",0,0,0,0,"1",0,"0","0",0,0,0,0,0,0,"0",1,2,0,0,0,0,1,0,1,160,154,0.96,0.01,0.01,0,0,0,0,0,"normal"
0,"tcp","smtp","SF",2351,368,"0",0,0,0,0,"1",0,"0","0",0,0,0,0,0,0,"0",1,1,0,0,0,0,1,0,0,43,177,0.95,0.05,0.02,0.03,0,0,0,0,"normal"
0,"tcp","mtp","S0",0,0,"0",0,0,0,0,"0",0,"0","0",0,0,0,0,0,0,"0",251,25,1,1,0,0,0.1,0.06,0,255,25,0.1,0.06,0,0,1,1,0,0,"dos"
0,"tcp","http","SF",217,1765,"0",0,0,0,0,"1",0,"0","0",0,0,0,0,0,0,"0",4,4,0,0,0,0,1,0,0,4,255,1,0,0.25,0.04,0,0,0,0,"normal"
0,"tcp","private","REJ",0,0,"0",0,0,0,0,"0",0,"0","0",0,0,0,0,0,0,"0",238,10,0,0,1,1,0.04,0.06,0,255,10,0.04,0.08,0,0,0,0,1,1,"dos"
0,"tcp","auth","SF",14,39,"0",0,0,0,0,"1",0,"0","0",0,0,0,0,0,0,"0",1,1,0,0,0,0,1,0,0,149,2,0.01,0.03,0.01,0,0,0,0,0,"normal"
0,"tcp","private","S0",0,0,"0",0,0,0,0,"0",0,"0","0",0,0,0,0,0,0,"0",286,3,1,1,0,0,0.01,0.06,0,255,14,0.05,0.08,0,0,1,1,0,0,"dos"
0,"tcp","smtp","SF",1757,333,"0",0,0,0,0,"1",0,"0","0",0,0,0,0,0,0,"0",1,1,0,0,0,0,1,0,0,150,121,0.59,0.05,0.01,0.02,0.01,0,0,0,"normal"
10339,"udp","other","SF",146,105,"0",0,0,0,0,"0",0,"0","0",0,0,0,0,0,0,"0",1,1,0,0,0,0,1,0,0,255,1,0,0.71,1,0,0,0,0,0,"normal"
3,"tcp","http","SF",144,52465,"0",0,0,0,0,"1",0,"0","0",0,0,0,0,0,0,"0",1,1,0,0,0,0,1,0,0,227,255,1,0,0,0.01,0,0,0,0,"normal"
0,"tcp","private","S0",0,0,"0",0,0,0,0,"0",0,"0","0",0,0,0,0,0,0,"0",294,22,1,1,0,0,0.07,0.04,0,255,22,0.09,0.05,0,0,1,1,0,0,"dos"
0,"udp","domain_u","SF",41,57,"0",0,0,0,0,"0",0,"0","0",0,0,0,0,0,0,"0",3,4,0,0,0,0,1,0,0.5,255,242,0.95,0.01,0.01,0,0,0,0,0,"normal"
0,"tcp","http","REJ",0,0,"0",0,0,0,0,"0",0,"0","0",0,0,0,0,0,0,"0",1,1,0,0,1,1,1,0,0,32,254,1,0,0.03,0.18,0,0,0.56,0.94,"normal"
0,"tcp","private","S0",0,0,"0",0,0,0,0,"0",0,"0","0",0,0,0,0,0,0,"0",120,1,1,1,0,0,0.01,0.07,0,255,1,0,0.07,0,0,1,1,0,0,"dos"
0,"udp","private","SF",105,146,"0",0,0,0,0,"0",0,"0","0",0,0,0,0,0,0,"0",1,1,0,0,0,0,1,0,0,255,246,0.96,0.01,0.01,0,0,0,0,0,"normal"
5,"tcp","smtp","SF",1421,339,"0",0,0,0,0,"1",0,"0","0",0,0,0,0,0,0,"0",1,2,0,0,0,0,1,0,1,129,142,0.49,0.05,0.01,0.01,0,0.01,0,0,"normal"
0,"tcp","http","SF",296,275,"0",0,0,0,0,"1",0,"0","0",0,0,0,0,0,0,"0",21,23,0,0,0,0,1,0,0.09,79,255,1,0,0.01,0.03,0,0,0,0,"normal"
