1,BankReimbursment,3
0,"udp","domain_u","SF",42,42,"0",0,0,0,0,"0",0,"0","0",0,0,0,0,0,0,"0",1,3,0,0,0,0,1,0,0.67,255,255,1,0,0,0,0,0,0,0,"normal"
0,"tcp","private","S0",0,0,"0",0,0,0,0,"0",0,"0","0",0,0,0,0,0,0,"0",119,12,1,1,0,0,0.1,0.06,0,255,6,0.02,0.08,0,0,1,1,0,0,"dos"
0,"tcp","private","S0",0,0,"0",0,0,0,0,"0",0,"0","0",0,0,0,0,0,0,"0",129,4,1,1,0,0,0.03,0.06,0,255,4,0.02,0.07,0,0,1,1,0,0,"dos"
0,"tcp","http","SF",498,296,"0",0,0,0,0,"1",0,"0","0",0,0,0,0,0,0,"0",9,9,0,0,0,0,1,0,0,255,255,1,0,0,0,0,0,0,0,"normal"
0,"tcp","ftp_data","SF",3888,0,"0",0,0,0,0,"1",0,"0","0",0,0,0,0,0,0,"0",9,9,0,0,0,0,1,0,0,87,100,0.34,0.03,0.34,0.02,0,0,0,0,"normal"
0,"tcp","http","SF",54540,8314,"0",0,0,2,0,"1",1,"0","0",0,0,0,0,0,0,"0",4,4,0,0,0.25,0.25,1,0,0,22,22,1,0,0.05,0,0,0,0.09,0.09,"dos"
0,"tcp","private","S0",0,0,"0",0,0,0,0,"0",0,"0","0",0,0,0,0,0,0,"0",36,3,1,1,0,0,0.08,0.14,0,255,6,0.02,0.09,0,0,1,1,0,0,"dos"
0,"tcp","http","SF",212,1344,"0",0,0,0,0,"1",0,"0","0",0,0,0,0,0,0,"0",3,3,0,0,0,0,1,0,0,76,255,1,0,0.01,0.03,0,0,0,0,"normal"
0,"tcp","http","SF",296,675,"0",0,0,0,0,"1",0,"0","0",0,0,0,0,0,0,"0",2,2,0,0,0,0,1,0,0,255,255,1,0,0,0,0,0,0,0,"normal"
0,"tcp","http","SF",355,310,"0",0,0,0,0,"1",0,"0","0",0,0,0,0,0,0,"0",3,4,0,0,0,0,1,0,0.5,255,255,1,0,0,0,0,0,0.01,0.01,"normal"
0,"tcp","private","S0",0,0,"0",0,0,0,0,"0",0,"0","0",0,0,0,0,0,0,"0",217,14,1,1,0,0,0.06,0.06,0,255,14,0.05,0.06,0,0,1,1,0,0,"dos"
0,"tcp","http","REJ",0,0,"0",0,0,0,0,"0",0,"0","0",0,0,0,0,0,0,"0",1,1,0,0,1,1,1,0,0,14,156,1,0,0.07,0.04,0,0,1,1,"normal"
0,"tcp","http","SF",297,5260,"0",0,0,0,0,"1",0,"0","0",0,0,0,0,0,0,"0",10,10,0,0,0,0,1,0,0,255,255,1,0,0,0,0,0,0,0,"normal"
0,"tcp","http","SF",228,1380,"0",0,0,0,0,"1",0,"0","0",0,0,0,0,0,0,"0",6,6,0,0,0,0,1,0,0,255,230,0.9,0.02,0,0,0,0,0,0,"normal"
0,"tcp","private","S0",0,0,"0",0,0,0,0,"0",0,"0","0",0,0,0,0,0,0,"0",142,20,1,1,0,0,0.14,0.06,0,255,4,0.02,0.08,0,0,1,1,0,0,"dos"
0,"tcp","http","SF",340,2367,"0",0,0,0,0,"1",0,"0","0",0,0,0,0,0,0,"0",31,41,0,0.02,0,0,1,0,0.07,216,255,1,0,0,0.02,0,0,0,0,"normal"
0,"tcp","http","SF",219,2824,"0",0,0,0,0,"1",0,"0","0",0,0,0,0,0,0,"0",2,2,0,0,0,0,1,0,0,74,255,1,0,0.01,0.03,0,0,0,0,"normal"
0,"tcp","smtp","SF",1181,329,"0",0,0,0,0,"1",0,"0","0",0,0,0,0,0,0,"0",1,1,0,0,0,0,1,0,0,174,138,0.79,0.02,0.01,0,0,0,0,0,"normal"
0,"tcp","link","S0",0,0,"0",0,0,0,0,"0",0,"0","0",0,0,0,0,0,0,"0",277,18,1,1,0,0,0.06,0.05,0,255,3,0.01,0.08,0,0,1,1,0,0,"dos"
0,"tcp","private","S0",0,0,"0",0,0,0,0,"0",0,"0","0",0,0,0,0,0,0,"0",106,19,1,1,0,0,0.18,0.06,0,255,16,0.06,0.06,0,0,1,1,0,0,"dos"
0,"tcp","http","REJ",0,0,"0",0,0,0,0,"0",0,"0","0",0,0,0,0,0,0,"0",1,1,0,0,1,1,1,0,0,7,255,1,0,0.14,0.11,0,0,1,0.72,"normal"
0,"udp","domain_u","SF",42,42,"0",0,0,0,0,"0",0,"0","0",0,0,0,0,0,0,"0",4,9,0,0,0,0,1,0,0.22,11,241,1,0,1,0.01,0,0,0,0,"normal"
0,"tcp","private","S0",0,0,"0",0,0,0,0,"0",0,"0","0",0,0,0,0,0,0,"0",219,6,1,1,0,0,0.03,0.05,0,255,6,0.02,0.05,0,0,1,1,0,0,"dos"
0,"tcp","http","SF",277,6496,"0",0,0,0,0,"1",0,"0","0",0,0,0,0,0,0,"0",6,8,0,0,0,0,1,0,0.25,14,255,1,0,0.07,0.13,0,0,0.5,0.87,"normal"
0,"tcp","http","SF",299,428,"0",0,0,0,0,"1",0,"0","0",0,0,0,0,0,0,"0",2,2,0,0,0,0,1,0,0,12,255,1,0,0.08,0.03,0,0,0,0,"normal"
0,"tcp","private","S0",0,0,"0",0,0,0,0,"0",0,"0","0",0,0,0,0,0,0,"0",120,10,1,1,0,0,0.08,0.06,0,255,11,0.04,0.06,0,0,1,1,0,0,"dos"
0,"tcp","private","S0",0,0,"0",0,0,0,0,"0",0,"0","0",0,0,0,0,0,0,"0",254,18,1,1,0,0,0.07,0.05,0,255,18,0.07,0.05,0,0,1,1,0,0,"dos"
0,"tcp","private","REJ",0,0,"0",0,0,0,0,"0",0,"0","0",0,0,0,0,0,0,"0",142,20,0,0,1,1,0.14,0.06,0,255,20,0.08,0.07,0,0,0,0,1,1,"dos"
0,"tcp","http","SF",202,377,"0",0,0,0,0,"1",0,"0","0",0,0,0,0,0,0,"0",3,3,0,0,0,0,1,0,0,8,255,1,0,0.12,0.05,0,0,0,0,"normal"
0,"tcp","http","SF",252,310,"0",0,0,0,0,"1",0,"0","0",0,0,0,0,0,0,"0",5,6,0,0,0,0,1,0,0.33,255,255,1,0,0,0,0,0,0,0,"normal"
0,"tcp","http","SF",199,1183,"0",0,0,0,0,"1",0,"0","0",0,0,0,0,0,0,"0",1,24,0,0,0,0,1,0,0.12,4,255,1,0,0.25,0.03,0,0,0,0,"normal"
0,"tcp","http","SF",231,2313,"0",0,0,0,0,"1",0,"0","0",0,0,0,0,0,0,"0",25,25,0,0,0,0,1,0,0,255,255,1,0,0,0,0,0,0,0,"normal"
1,"tcp","smtp","SF",1250,330,"0",0,0,0,0,"1",0,"0","0",0,0,0,0,0,0,"0",1,3,0,0,0,0,1,0,1,145,91,0.44,0.04,0.01,0.02,0,0,0,0,"normal"
0,"tcp","http","SF",325,2531,"0",0,0,0,0,"1",0,"0","0",0,0,0,0,0,0,"0",3,4,0,0,0,0,1,0,0.5,58,58,1,0,0.02,0,0,0,0,0,"normal"
0,"tcp","http","SF",244,2655,"0",0,0,0,0,"1",0,"0","0",0,0,0,0,0,0,"0",17,26,0,0,0,0,1,0,0.08,255,255,1,0,0,0,0,0,0,0,"normal"
0,"tcp","http","SF",310,1587,"0",0,0,0,0,"1",0,"0","0",0,0,0,0,0,0,"0",7,7,0,0,0,0,1,0,0,157,255,1,0,0.01,0.01,0,0,0.01,0,"normal"
0,"tcp","ftp_data","SF",1830,0,"0",0,0,0,0,"1",0,"0","0",0,0,0,0,0,0,"0",5,7,0,0,0,0,1,0,0.29,119,78,0.36,0.05,0.36,0.03,0,0,0,0,"normal"
0,"tcp","private","S0",0,0,"0",0,0,0,0,"0",0,"0","0",0,0,0,0,0,0,"0",65,2,1,1,0,0,0.03,0.09,0,255,2,0.01,0.06,0,0,1,1,0,0,"dos"
0,"tcp","private","S0",0,0,"0",0,0,0,0,"0",0,"0","0",0,0,0,0,0,0,"0",243,17,1,1,0,0,0.07,0.05,0,255,17,0.07,0.07,0,0,1,1,0,0,"dos"
0,"tcp","private","REJ",0,0,"0",0,0,0,0,"0",0,"0","0",0,0,0,0,0,0,"0",119,16,0,0,1,1,0.13,0.07,0,255,16,0.06,0.06,0,0,0,0,1,1,"dos"
0,"tcp","private","REJ",0,0,"0",0,0,0,0,"0",0,"0","0",0,0,0,0,0,0,"0",192,8,0,0,1,1,0.04,0.06,0,255,8,0.03,0.06,0,0,0,0,1,1,"dos"
0,"icmp","ecr_i","SF",1480,0,"0",1,0,0,0,"0",0,"0","0",0,0,0,0,0,0,"0",13,13,0,0,0,0,1,0,0,255,13,0.05,0.02,0.05,0,0,0,0,0,"dos"
0,"tcp","private","S0",0,0,"0",0,0,0,0,"0",0,"0","0",0,0,0,0,0,0,"0",239,14,1,1,0,0,0.06,0.08,0,255,14,0.05,0.08,0,0,1,1,0,0,"dos"
0,"udp","domain_u","SF",46,133,"0",0,0,0,0,"0",0,"0","0",0,0,0,0,0,0,"0",5,85,0,0,0,0,1,0,0.02,255,219,0.86,0.01,0,0,0,0,0,0,"normal"
0,"tcp","http","SF",311,2936,"0",0,0,0,0,"1",0,"0","0",0,0,0,0,0,0,"0",13,13,0,0,0,0,1,0,0,255,255,1,0,0,0,0,0,0,0,"normal"
0,"tcp","uucp","S0",0,0,"0",0,0,0,0,"0",0,"0","0",0,0,0,0,0,0,"0",134,5,1,1,0,0,0.04,0.06,0,255,5,0.02,0.06,0,0,1,1,0,0,"dos"
0,"tcp","private","REJ",0,0,"0",0,0,0,0,"0",0,"0","0",0,0,0,0,0,0,"0",110,9,0,0,1,1,0.08,0.07,0,255,9,0.04,0.07,0,0,0,0,1,1,"dos"
0,"udp","private","SF",105,145,"0",0,0,0,0,"0",0,"0","0",0,0,0,0,0,0,"0",1,1,0,0,0,0,1,0,0,255,239,0.94,0.01,0,0,0,0,0,0,"normal"
0,"tcp","ftp_data","SF",9178,0,"0",0,0,0,0,"1",0,"0","0",0,0,0,0,0,0,"0",8,8,0,0,0,0,1,0,0,143,42,0.29,0.03,0.29,0,0,0,0,0,"normal"
0,"tcp","private","S0",0,0,"0",0,0,0,0,"0",0,"0","0",0,0,0,0,0,0,"0",295,10,1,1,0,0,0.03,0.05,0,255,10,0.04,0.05,0,0,1,1,0,0,"dos"
0,"tcp","http","SF",209,296,"0",0,0,0,0,"1",0,"0","0",0,0,0,0,0,0,"0",3,4,0,0,0,0,1,0,0.5,235,255,1,0,0,0.01,0,0,0,0,"normal"
0,"tcp","http","SF",208,310,"0",0,0,0,0,"1",0,"0","0",0,0,0,0,0,0,"0",4,6,0,0,0,0,1,0,0.33,255,255,1,0,0,0,0,0,0,0,"normal"
0,"tcp","private","S0",0,0,"0",0,0,0,0,"0",0,"0","0",0,0,0,0,0,0,"0",292,8,1,1,0,0,0.03,0.05,0,255,7,0.03,0.07,0,0,1,1,0,0,"dos"
0,"tcp","private","S0",0,0,"0",0,0,0,0,"0",0,"0","0",0,0,0,0,0,0,"0",110,2,1,1,0,0,0.02,0.05,0,255,2,0.01,0.05,0,0,1,1,0,0,"dos"
0,"tcp","http","SF",208,60990,"0",0,0,0,0,"1",0,"0","0",0,0,0,0,0,0,"0",1,1,0,0,0,0,1,0,0,255,255,1,0,0,0,0,0,0,0,"normal"
0,"icmp","eco_i","SF",8,0,"0",0,0,0,0,"0",0,"0","0",0,0,0,0,0,0,"0",1,37,0,0,0,0,1,0,1,3,143,1,0,1,0.25,0,0,0,0,"probe"
0,"tcp","http","SF",235,3675,"0",0,0,0,0,"1",0,"0","0",0,0,0,0,0,0,"0",22,22,0,0,0,0,1,0,0,255,255,1,0,0,0,0,0,0,0,"normal"
0,"tcp","private","S0",0,0,"0",0,0,0,0,"0",0,"0","0",0,0,0,0,0,0,"0",271,17,1,1,0,0,0.06,0.06,0,255,17,0.07,0.06,0,0,1,1,0,0,"dos"
0,"tcp","private","S0",0,0,"0",0,0,0,0,"0",0,"0","0",0,0,0,0,0,0,"0",138,11,1,1,0,0,0.08,0.05,0,255,11,0.04,0.04,0,0,1,1,0,0,"dos"
0,"tcp","http","SF",331,259,"0",0,0,0,0,"1",0,"0","0",0,0,0,0,0,0,"0",2,2,0,0,0,0,1,0,0,255,255,1,0,0,0,0,0,0,0,"normal"
0,"icmp","ecr_i","SF",30,0,"0",0,0,0,0,"0",0,"0","0",0,0,0,0,0,0,"0",1,1,0,0,0,0,1,0,0,83,83,1,0,1,0,0,0,0,0,"normal"
0,"tcp","auth","SF",9,37,"0",0,0,0,0,"0",0,"0","0",0,0,0,0,0,0,"0",1,1,0,0,0,0,1,0,0,163,7,0.04,0.04,0.01,0,0,0,0,0,"normal"
0,"tcp","http","SF",305,484,"0",0,0,0,0,"1",0,"0","0",0,0,0,0,0,0,"0",16,17,0,0,0,0,1,0,0.12,255,255,1,0,0,0,0,0,0,0,"normal"
0,"tcp","http","SF",325,261,"0",0,0,0,0,"1",0,"0","0",0,0,0,0,0,0,"0",18,18,0,0,0,0,1,0,0,255,255,1,0,0,0,0,0,0,0,"normal"
0,"tcp","private","S0",0,0,"0",0,0,0,0,"0",0,"0","0",0,0,0,0,0,0,"0",218,1,1,1,0,0,0,0.06,0,255,1,0,0.06,0,0,1,1,0,0,"dos"
0,"tcp","http","SF",229,1923,"0",0,0,0,0,"1",0,"0","0",0,0,0,0,0,0,"0",4,5,0,0,0,0,1,0,0.4,133,255,1,0,0.01,0.01,0,0,0,0,"normal"
0,"tcp","http","SF",236,3123,"0",0,0,0,0,"1",0,"0","0",0,0,0,0,0,0,"0",15,15,0,0,0,0,1,0,0,15,255,1,0,0.07,0.04,0,0,0,0,"normal"
0,"tcp","ctf","S0",0,0,"0",0,0,0,0,"0",0,"0","0",0,0,0,0,0,0,"0",240,14,1,1,0,0,0.06,0.06,0,255,14,0.05,0.07,0,0,1,1,0,0,"dos"
0,"tcp","private","S0",0,0,"0",0,0,0,0,"0",0,"0","0",0,0,0,0,0,0,"0",217,6,1,1,0,0,0.03,0.07,0,255,11,0.04,0.07,0,0,1,1,0,0,"dos"
0,"tcp","http","SF",250,290,"0",0,0,0,0,"1",0,"0","0",0,0,0,0,0,0,"0",25,29,0,0,0,0,1,0,0.17,255,255,1,0,0,0,0,0,0,0,"normal"
0,"tcp","http","SF",219,1759,"0",0,0,0,0,"1",0,"0","0",0,0,0,0,0,0,"0",9,9,0,0,0,0,1,0,0,78,255,1,0,0.01,0.01,0,0,0,0,"normal"
0,"tcp","private","S0",0,0,"0",0,0,0,0,"0",0,"0","0",0,0,0,0,0,0,"0",53,3,1,1,0,0,0.06,0.11,0,255,3,0.01,0.09,0,0,1,1,0,0,"dos"
0,"tcp","http","SF",306,1380,"0",0,0,0,0,"1",0,"0","0",0,0,0,0,0,0,"0",5,5,0,0,0,0,1,0,0,170,162,0.95,0.02,0.01,0,0,0,0,0,"normal"
0,"tcp","http","REJ",0,0,"0",0,0,0,0,"0",0,"0","0",0,0,0,0,0,0,"0",1,2,0,0,1,1,1,0,1,14,255,1,0,0.07,0.11,0,0,1,1,"normal"
0,"udp","domain_u","SF",46,46,"0",0,0,0,0,"0",0,"0","0",0,0,0,0,0,0,"0",10,90,0,0,0,0,1,0,0.02,255,219,0.86,0.01,0.01,0,0,0,0,0,"normal"
0,"tcp","smtp","SF",653,283,"0",0,0,0,0,"1",0,"0","0",0,0,0,0,0,0,"0",1,1,0,0,0,0,1,0,0,41,153,0.61,0.1,0.02,0.01,0,0.01,0,0,"normal"
12,"tcp","http","SF",51,8127,"0",0,0,2,0,"1",0,"1","0",0,0,0,1,0,0,"0",1,1,0,0,0,0,1,0,0,255,246,0.96,0.01,0,0,0,0,0,0,"r2l"
0,"tcp","http","SF",201,1003,"0",0,0,0,0,"1",0,"0","0",0,0,0,0,0,0,"0",7,7,0,0,0,0,1,0,0,13,255,1,0,0.08,0.04,0,0,0,0,"normal"
0,"tcp","http","SF",302,1030,"0",0,0,0,0,"1",0,"0","0",0,0,0,0,0,0,"0",9,9,0,0,0,0,1,0,0,9,255,1,0,0.11,0.04,0,0,0,0.01,"normal"
6620,"udp","other","SF",147,105,"0",0,0,0,0,"0",0,"0","0",0,0,0,0,0,0,"0",1,1,0,0,0,0,1,0,0,255,1,0,0.78,0.98,0,0,0,0,0,"normal"
0,"udp","private","SF",105,147,"0",0,0,0,0,"0",0,"0","0",0,0,0,0,0,0,"0",1,1,0,0,0,0,1,0,0,255,239,0.94,0.01,0,0,0,0,0,0,"normal"
0,"tcp","private","REJ",0,0,"0",0,0,0,0,"0",0,"0","0",0,0,0,0,0,0,"0",104,20,0,0,1,1,0.19,0.07,0,255,20,0.08,0.07,0,0,0,0,1,1,"dos"
0,"tcp","http","REJ",0,0,"0",0,0,0,0,"0",0,"0","0",0,0,0,0,0,0,"0",1,1,0,0,1,1,1,0,0,87,255,1,0,0.01,0.15,0,0,1,1,"normal"
2630,"udp","other","SF",145,105,"0",0,0,0,0,"0",0,"0","0",0,0,0,0,0,0,"0",1,1,0,0,0,0,1,0,0,255,2,0.01,0.66,1,0,0,0,0,0,"normal"
0,"tcp","private","REJ",0,0,"0",0,0,0,0,"0",0,"0","0",0,0,0,0,0,0,"0",127,7,0,0,1,1,0.06,0.06,0,255,7,0.03,0.06,0,0,0,0,1,1,"dos"
0,"udp","domain_u","SF",88,0,"0",0,0,0,0,"0",0,"0","0",0,0,0,0,0,0,"0",1,2,0,0,0,0,1,0,1,31,19,0.61,0.06,0.61,0,0,0,0,0,"normal"
0,"tcp","private","S0",0,0,"0",0,0,0,0,"0",0,"0","0",0,0,0,0,0,0,"0",123,12,1,1,0,0,0.1,0.06,0,255,3,0.01,0.08,0,0,1,1,0,0,"dos"
0,"tcp","http","SF",229,4167,"0",0,0,0,0,"1",0,"0","0",0,0,0,0,0,0,"0",5,5,0,0,0,0,1,0,0,111,255,1,0,0.01,0.03,0,0,0,0,"normal"
0,"tcp","private","S0",0,0,"0",0,0,0,0,"0",0,"0","0",0,0,0,0,0,0,"0",217,3,1,1,0,0,0.01,0.06,0,255,3,0.01,0.08,0,0,1,1,0,0,"dos"
0,"tcp","http","REJ",0,0,"0",0,0,0,0,"0",0,"0","0",0,0,0,0,0,0,"0",1,1,0,0,1,1,1,0,0,22,46,1,0,0.05,0.15,0,0,1,1,"normal"
0,"tcp","http","SF",211,934,"0",0,0,0,0,"1",0,"0","0",0,0,0,0,0,0,"0",3,3,0,0,0,0,1,0,0,19,255,1,0,0.05,0.03,0,0,0,0,"normal"
0,"tcp","private","S0",0,0,"0",0,0,0,0,"0",0,"0","0",0,0,0,0,0,0,"0",229,18,1,1,0,0,0.08,0.07,0,255,18,0.07,0.08,0,0,1,1,0,0,"dos"
8449,"udp","other","SF",146,105,"0",0,0,0,0,"0",0,"0","0",0,0,0,0,0,0,"0",1,1,0,0,0,0,1,0,0,255,1,0,0.51,0.93,0,0,0,0,0,"normal"
0,"tcp","smtp","SF",1018,377,"0",0,0,0,0,"1",0,"0","0",0,0,0,0,0,0,"0",1,1,0,0,0,0,1,0,0,75,129,0.35,0.04,0.01,0.02,0,0,0,0,"normal"
0,"tcp","http","SF",301,2169,"0",0,0,0,0,"1",0,"0","0",0,0,0,0,0,0,"0",22,30,0,0,0,0,1,0,0.07,29,165,1,0,0.03,0.07,0,0.01,0,0,"normal"
0,"tcp","http","REJ",0,0,"0",0,0,0,0,"0",0,"0","0",0,0,0,0,0,0,"0",1,1,0,0,1,1,1,0,0,132,124,0.94,0.02,0.01,0,0,0,0.94,1,"normal"
0,"tcp","private","REJ",0,0,"0",0,0,0,0,"0",0,"0","0",0,0,0,0,0,0,"0",107,8,0,0,1,1,0.07,0.07,0,255,8,0.03,0.06,0,0,0,0,1,1,"dos"
0,"tcp","http","SF",305,1496,"0",0,0,0,0,"1",0,"0","0",0,0,0,0,0,0,"0",6,6,0,0,0,0,1,0,0,59,255,1,0,0.02,0.02,0,0,0,0,"normal"
0,"tcp","http","SF",331,660,"0",0,0,0,0,"1",0,"0","0",0,0,0,0,0,0,"0",6,33,0,0,0,0,1,0,0.06,250,255,1,0,0,0.01,0,0,0,0,"normal"
0,"tcp","private","S0",0,0,"0",0,0,0,0,"0",0,"0","0",0,0,0,0,0,0,"0",177,12,1,1,0,0,0.07,0.06,0,255,12,0.05,0.06,0,0,1,1,0,0,"dos"
