3,CustomerFeedbackCollection,1
0,"tcp","http","SF",226,762,"0",0,0,0,0,"1",0,"0","0",0,0,0,0,0,0,"0",1,51,0,0,0,0,1,0,0.12,168,255,1,0,0.01,0.01,0,0,0,0,"normal"
0,"tcp","http","SF",223,1166,"0",0,0,0,0,"1",0,"0","0",0,0,0,0,0,0,"0",13,13,0,0,0,0,1,0,0,255,255,1,0,0,0,0,0,0,0,"normal"
0,"tcp","private","REJ",0,0,"0",0,0,0,0,"0",0,"0","0",0,0,0,0,0,0,"0",261,18,0,0,1,1,0.07,0.07,0,255,18,0.07,0.08,0,0,0,0,1,1,"dos"
0,"tcp","smtp","SF",1475,331,"0",0,0,0,0,"1",0,"0","0",0,0,0,0,0,0,"0",3,3,0,0,0,0,0.33,0.67,1,196,187,0.75,0.03,0.01,0.01,0,0,0,0,"normal"
0,"tcp","private","S0",0,0,"0",0,0,0,0,"0",0,"0","0",0,0,0,0,0,0,"0",204,16,1,1,0,0,0.08,0.05,0,255,16,0.06,0.08,0,0,1,1,0,0,"dos"
0,"tcp","private","REJ",0,0,"0",0,0,0,0,"0",0,"0","0",0,0,0,0,0,0,"0",127,19,0,0,1,1,0.15,0.07,0,255,19,0.07,0.06,0,0,0,0,1,1,"dos"
0,"tcp","http","SF",306,935,"0",0,0,0,0,"1",0,"0","0",0,0,0,0,0,0,"0",4,4,0,0,0,0,1,0,0,4,255,1,0,0.25,0.02,0,0,0,0,"normal"
0,"tcp","private","S0",0,0,"0",0,0,0,0,"0",0,"0","0",0,0,0,0,0,0,"0",250,18,1,1,0,0,0.07,0.06,0,255,18,0.07,0.05,0,0,1,1,0,0,"dos"
0,"tcp","rje","REJ",0,0,"0",0,0,0,0,"0",0,"0","0",0,0,0,0,0,0,"0",213,7,0,0,1,1,0.03,0.07,0,255,7,0.03,0.09,0,0,0,0,1,1,"dos"
0,"udp","other","SF",145,0,"0",0,0,0,0,"0",0,"0","0",0,0,0,0,0,0,"0",3,1,0,0,0,0,0.33,0.67,0,255,1,0,0.64,0.96,0,0,0,0,0,"normal"
3,"tcp","smtp","SF",777,328,"0",0,0,0,0,"1",0,"0","0",0,0,0,0,0,0,"0",1,1,0,0,0,0,1,0,0,129,158,0.9,0.04,0.01,0.01,0,0,0,0,"normal"
0,"tcp","http","SF",324,5208,"0",0,0,0,0,"1",0,"0","0",0,0,0,0,0,0,"0",5,11,0,0,0,0,1,0,0.36,46,255,1,0,0.02,0.01,0,0,0.02,0.01,"normal"
0,"tcp","ftp_data","S0",0,0,"0",0,0,0,0,"0",0,"0","0",0,0,0,0,0,0,"0",144,8,1,1,0,0,0.06,0.06,0,255,8,0.03,0.07,0,0,1,1,0,0,"dos"
0,"tcp","private","S0",0,0,"0",0,0,0,0,"0",0,"0","0",0,0,0,0,0,0,"0",108,18,1,1,0,0,0.17,0.06,0,255,18,0.07,0.07,0,0,1,1,0,0,"dos"
0,"tcp","http","REJ",0,0,"0",0,0,0,0,"0",0,"0","0",0,0,0,0,0,0,"0",266,10,0,0,1,1,0.04,0.06,0,255,10,0.04,0.07,0,0,0,0,1,1,"dos"
0,"tcp","netstat","S0",0,0,"0",0,0,0,0,"0",0,"0","0",0,0,0,0,0,0,"0",254,11,1,1,0,0,0.04,0.06,0,255,11,0.04,0.08,0,0,1,1,0,0,"dos"
0,"tcp","private","S0",0,0,"0",0,0,0,0,"0",0,"0","0",0,0,0,0,0,0,"0",136,2,1,1,0,0,0.01,0.06,0,255,7,0.03,0.07,0,0,1,1,0,0,"dos"
0,"tcp","private","S0",0,0,"0",0,0,0,0,"0",0,"0","0",0,0,0,0,0,0,"0",121,4,1,1,0,0,0.03,0.06,0,255,4,0.02,0.06,0,0,1,1,0,0,"dos"
0,"tcp","private","S0",0,0,"0",0,0,0,0,"0",0,"0","0",0,0,0,0,0,0,"0",239,4,1,1,0,0,0.02,0.07,0,255,4,0.02,0.07,0,0,1,1,0,0,"dos"
0,"udp","domain_u","SF",44,124,"0",0,0,0,0,"0",0,"0","0",0,0,0,0,0,0,"0",96,97,0,0,0,0,1,0,0.02,255,254,1,0.01,0,0,0,0,0,0,"normal"
0,"tcp","private","S0",0,0,"0",0,0,0,0,"0",0,"0","0",0,0,0,0,0,0,"0",273,24,1,1,0,0,0.09,0.05,0,255,24,0.09,0.05,0,0,1,1,0,0,"dos"
0,"tcp","smtp","SF",1037,329,"0",0,0,0,0,"1",0,"0","0",0,0,0,0,0,0,"0",1,2,0,0,0,0,1,0,1,255,6,0.02,0.69,0,0,0,0,0,0,"normal"
0,"tcp","http","REJ",0,0,"0",0,0,0,0,"0",0,"0","0",0,0,0,0,0,0,"0",1,2,0,0,1,1,1,0,1,8,149,1,0,0.12,0.21,0,0,1,1,"normal"
0,"udp","domain_u","SF",42,42,"0",0,0,0,0,"0",0,"0","0",0,0,0,0,0,0,"0",7,15,0,0,0,0,1,0,0.27,255,255,1,0,0,0,0,0,0,0,"normal"
0,"tcp","http","SF",220,3273,"0",0,0,0,0,"1",0,"0","0",0,0,0,0,0,0,"0",7,13,0,0,0,0,1,0,0.15,29,255,1,0,0.03,0.02,0,0,0,0,"normal"
0,"tcp","private","S0",0,0,"0",0,0,0,0,"0",0,"0","0",0,0,0,0,0,0,"0",181,1,1,1,0,0,0.01,0.08,0,255,1,0,0.08,0,0,1,1,0,0,"dos"
0,"tcp","http","SF",330,277,"0",0,0,0,0,"1",0,"0","0",0,0,0,0,0,0,"0",4,4,0,0,0,0,1,0,0,255,246,0.96,0.02,0,0,0,0,0,0,"normal"
0,"tcp","http","SF",294,1970,"0",0,0,0,0,"1",0,"0","0",0,0,0,0,0,0,"0",4,4,0,0,0,0,1,0,0,71,71,1,0,0.01,0,0,0,0,0,"normal"
0,"tcp","http","REJ",0,0,"0",0,0,0,0,"0",0,"0","0",0,0,0,0,0,0,"0",1,1,0,0,1,1,1,0,0,26,255,1,0,0.04,0.09,0,0,1,0.67,"normal"
0,"icmp","eco_i","SF",30,0,"0",0,0,0,0,"0",0,"0","0",0,0,0,0,0,0,"0",1,1,0,0,0,0,1,0,0,56,56,1,0,1,0,0,0,0,0,"normal"
0,"tcp","http","SF",309,12238,"0",0,0,0,0,"1",0,"0","0",0,0,0,0,0,0,"0",5,6,0,0,0,0,1,0,0.33,5,255,1,0,0.2,0.02,0,0,0,0,"normal"
0,"tcp","private","S0",0,0,"0",0,0,0,0,"0",0,"0","0",0,0,0,0,0,0,"0",206,12,1,1,0,0,0.06,0.05,0,255,12,0.05,0.05,0,0,1,1,0,0,"dos"
0,"udp","domain_u","SF",44,126,"0",0,0,0,0,"0",0,"0","0",0,0,0,0,0,0,"0",69,149,0,0,0,0,0.99,0.03,0.01,255,241,0.95,0.01,0,0,0,0,0,0,"normal"
0,"tcp","http","SF",211,63112,"0",0,0,0,0,"1",0,"0","0",0,0,0,0,0,0,"0",4,4,0,0,0,0,1,0,0,7,255,1,0,0.14,0.02,0,0,0.43,0.09,"normal"
0,"tcp","private","S0",0,0,"0",0,0,0,0,"0",0,"0","0",0,0,0,0,0,0,"0",129,1,1,1,0,0,0.01,0.06,0,255,1,0,0.05,0,0,1,1,0,0,"dos"
7,"udp","private","SF",105,146,"0",0,0,0,0,"0",0,"0","0",0,0,0,0,0,0,"0",1,1,0,0,0,0,1,0,0,255,234,0.92,0.01,0.01,0,0,0,0,0,"normal"
0,"tcp","private","REJ",0,0,"0",0,0,0,0,"0",0,"0","0",0,0,0,0,0,0,"0",177,12,0,0,1,1,0.07,0.07,0,255,12,0.05,0.09,0,0,0,0,1,1,"dos"
0,"tcp","link","S0",0,0,"0",0,0,0,0,"0",0,"0","0",0,0,0,0,0,0,"0",203,9,1,1,0,0,0.04,0.06,0,255,9,0.04,0.06,0,0,1,1,0,0,"dos"
0,"tcp","private","S0",0,0,"0",0,0,0,0,"0",0,"0","0",0,0,0,0,0,0,"0",236,10,1,1,0,0,0.04,0.07,0,255,11,0.04,0.06,0,0,1,1,0,0,"dos"
11635,"udp","other","SF",146,105,"0",0,0,0,0,"0",0,"0","0",0,0,0,0,0,0,"0",1,1,0,0,0,0,1,0,0,203,2,0.01,0.63,0.95,0,0,0,0,0,"normal"
0,"tcp","ctf","S0",0,0,"0",0,0,0,0,"0",0,"0","0",0,0,0,0,0,0,"0",206,10,1,1,0,0,0.05,0.07,0,255,10,0.04,0.08,0,0,1,1,0,0,"dos"
0,"tcp","private","S0",0,0,"0",0,0,0,0,"0",0,"0","0",0,0,0,0,0,0,"0",184,10,1,1,0,0,0.05,0.08,0,255,10,0.04,0.07,0,0,1,1,0,0,"dos"
0,"tcp","http","SF",305,596,"0",0,0,0,0,"1",0,"0","0",0,0,0,0,0,0,"0",1,1,0,0,0,0,1,0,0,255,255,1,0,0,0,0,0,0,0,"normal"
0,"tcp","private","S0",0,0,"0",0,0,0,0,"0",0,"0","0",0,0,0,0,0,0,"0",136,13,1,1,0,0,0.1,0.06,0,255,13,0.05,0.06,0,0,1,1,0,0,"dos"
0,"tcp","http","SF",222,667,"0",0,0,0,0,"1",0,"0","0",0,0,0,0,0,0,"0",5,5,0,0,0,0,1,0,0,255,255,1,0,0,0,0,0,0,0,"normal"
0,"tcp","http","SF",315,1087,"0",0,0,0,0,"1",0,"0","0",0,0,0,0,0,0,"0",23,23,0,0,0,0,1,0,0,101,255,1,0,0.01,0.01,0,0,0,0,"normal"
0,"udp","domain_u","SF",33,0,"0",0,0,0,0,"0",0,"0","0",0,0,0,0,0,0,"0",1,2,0,0,0,0,1,0,1,78,9,0.12,0.08,0.12,0,0.01,0,0,0,"normal"
0,"tcp","http","SF",167,8718,"0",0,0,0,0,"1",0,"0","0",0,0,0,0,0,0,"0",14,14,0,0,0,0,1,0,0,255,255,1,0,0,0,0,0,0,0,"normal"
0,"tcp","http","SF",314,396,"0",0,0,0,0,"1",0,"0","0",0,0,0,0,0,0,"0",6,6,0,0,0,0,1,0,0,255,255,1,0,0,0,0,0,0,0,"normal"
0,"tcp","private","S0",0,0,"0",0,0,0,0,"0",0,"0","0",0,0,0,0,0,0,"0",36,6,1,1,0,0,0.17,0.17,0,255,6,0.02,0.08,0,0,1,1,0,0,"dos"
0,"tcp","private","S0",0,0,"0",0,0,0,0,"0",0,"0","0",0,0,0,0,0,0,"0",108,12,1,1,0,0,0.11,0.06,0,255,12,0.05,0.05,0,0,1,1,0,0,"dos"
0,"tcp","http","S0",0,0,"0",0,0,0,0,"0",0,"0","0",0,0,0,0,0,0,"0",5,1,1,1,0,0,0.2,0.6,0,255,54,0.21,0.03,0,0,1,1,0,0,"dos"
0,"tcp","private","S0",0,0,"0",0,0,0,0,"0",0,"0","0",0,0,0,0,0,0,"0",76,10,1,1,0,0,0.13,0.07,0,255,11,0.04,0.07,0,0,1,1,0,0,"dos"
0,"tcp","private","S0",0,0,"0",0,0,0,0,"0",0,"0","0",0,0,0,0,0,0,"0",114,16,1,1,0,0,0.14,0.06,0,255,8,0.03,0.07,0,0,1,1,0,0,"dos"
0,"tcp","private","REJ",0,0,"0",0,0,0,0,"0",0,"0","0",0,0,0,0,0,0,"0",103,1,0,0,1,1,0.01,0.07,0,255,1,0,0.07,0,0,0,0,1,1,"dos"
0,"tcp","http","SF",204,3776,"0",0,0,0,0,"1",0,"0","0",0,0,0,0,0,0,"0",1,4,0,0,0,0,1,0,0.75,5,255,1,0,0.2,0.05,0,0,0,0,"normal"
0,"tcp","http","SF",240,1165,"0",0,0,0,0,"1",0,"0","0",0,0,0,0,0,0,"0",1,1,0,0,0,0,1,0,0,79,255,1,0,0.01,0.04,0,0,0,0,"normal"
0,"tcp","http","SF",159,4642,"0",0,0,0,0,"1",0,"0","0",0,0,0,0,0,0,"0",5,5,0,0,0,0,1,0,0,51,255,1,0,0.02,0.04,0,0,0,0,"normal"
0,"icmp","urp_i","SF",181,0,"0",0,0,0,0,"0",0,"0","0",0,0,0,0,0,0,"0",5,3,0,0,0,0,0.6,0.4,0,255,83,0.33,0.01,0.41,0,0,0,0,0,"normal"
0,"tcp","http","REJ",0,0,"0",0,0,0,0,"0",0,"0","0",0,0,0,0,0,0,"0",1,1,0,0,1,1,1,0,0,3,255,1,0,0.33,0.19,0,0,1,0.89,"normal"
0,"tcp","http","SF",355,12539,"0",0,0,0,0,"1",0,"0","0",0,0,0,0,0,0,"0",7,7,0,0,0,0,1,0,0,255,255,1,0,0,0,0,0,0,0,"normal"
0,"tcp","http","SF",205,1701,"0",0,0,0,0,"1",0,"0","0",0,0,0,0,0,0,"0",12,12,0,0,0,0,1,0,0,255,255,1,0,0,0,0,0,0,0,"normal"
0,"tcp","private","S0",0,0,"0",0,0,0,0,"0",0,"0","0",0,0,0,0,0,0,"0",112,5,1,1,0,0,0.04,0.07,0,255,5,0.02,0.07,0,0,1,1,0,0,"dos"
0,"tcp","http","SF",160,584,"0",0,0,0,0,"1",0,"0","0",0,0,0,0,0,0,"0",1,1,0,0,0,0,1,0,0,36,255,1,0,0.03,0.05,0,0,0,0,"normal"
0,"tcp","smtp","SF",1397,330,"0",0,0,0,0,"1",0,"0","0",0,0,0,0,0,0,"0",1,1,0,0,0,0,1,0,0,160,138,0.51,0.04,0.01,0.01,0,0,0,0,"normal"
1,"tcp","smtp","SF",1158,329,"0",0,0,0,0,"1",0,"0","0",0,0,0,0,0,0,"0",1,6,0,0,0,0,1,0,0.83,124,156,0.37,0.05,0.01,0.02,0,0,0,0,"normal"
0,"tcp","http","SF",304,2698,"0",0,0,0,0,"1",0,"0","0",0,0,0,1,0,0,"0",2,2,0,0,0,0,1,0,0,255,246,0.96,0.01,0,0,0,0,0,0,"normal"
0,"tcp","private","S0",0,0,"0",0,0,0,0,"0",0,"0","0",0,0,0,0,0,0,"0",116,16,1,1,0,0,0.14,0.06,0,255,16,0.06,0.07,0,0,1,1,0,0,"dos"
0,"tcp","http","SF",260,770,"0",0,0,0,0,"1",0,"0","0",0,0,0,0,0,0,"0",1,1,0,0,0,0,1,0,0,35,255,1,0,0.03,0.04,0,0,0,0,"normal"
0,"tcp","http","SF",288,1865,"0",0,0,0,0,"1",0,"0","0",0,0,0,0,0,0,"0",7,7,0,0,0,0,1,0,0,255,255,1,0,0,0,0,0,0,0,"normal"
0,"tcp","http","SF",54540,8314,"0",0,0,2,0,"1",1,"0","0",0,0,0,0,0,0,"0",4,5,0,0,0.25,0.4,1,0,0.4,255,255,1,0,0,0,0,0,0.06,0.06,"dos"
0,"tcp","http","SF",332,2002,"0",0,0,0,0,"1",0,"0","0",0,0,0,0,0,0,"0",15,15,0,0,0,0,1,0,0,255,255,1,0,0,0,0,0,0,0,"normal"
0,"tcp","http","SF",222,10500,"0",0,0,0,0,"1",0,"0","0",0,0,0,0,0,0,"0",2,35,0,0,0,0,1,0,0.06,255,255,1,0,0,0,0,0,0,0,"normal"
0,"tcp","http","SF",202,4017,"0",0,0,0,0,"1",0,"0","0",0,0,0,0,0,0,"0",1,2,0,0,0,0,1,0,1,7,255,1,0,0.14,0.03,0,0,0,0,"normal"
0,"tcp","private","REJ",0,0,"0",0,0,0,0,"0",0,"0","0",0,0,0,0,0,0,"0",2,1,0,0,1,1,0.5,1,0,255,1,0,0.83,0.81,0,0,0,0.81,1,"probe"
0,"tcp","http","SF",204,434,"0",0,0,0,0,"1",0,"0","0",0,0,0,0,0,0,"0",12,32,0,0,0,0,1,0,0.19,255,255,1,0,0,0,0,0,0,0,"normal"
0,"tcp","http","SF",201,8222,"0",0,0,0,0,"1",0,"0","0",0,0,0,0,0,0,"0",1,1,0,0,0,0,1,0,0,141,255,1,0,0.01,0.04,0,0,0,0,"normal"
0,"tcp","http","SF",234,13248,"0",0,0,0,0,"1",0,"0","0",0,0,0,0,0,0,"0",1,1,0,0,0,0,1,0,0,217,217,1,0,0,0,0,0,0,0,"normal"
0,"tcp","time","SF",0,4,"0",0,0,0,0,"0",0,"0","0",0,0,0,0,0,0,"0",1,1,0,0,0,0,1,0,0,18,18,1,0,0.06,0,0,0,0.06,0.06,"normal"
0,"tcp","http","SF",319,910,"0",0,0,0,0,"1",0,"0","0",0,0,0,0,0,0,"0",36,39,0.03,0.03,0,0,1,0,0.05,205,255,1,0,0,0.02,0,0,0,0,"normal"
2426,"tcp","ftp_data","RSTR",2500058,0,"0",0,0,0,0,"1",0,"0","0",0,0,0,0,0,0,"0",1,1,0,0,1,1,1,0,0,3,43,1,0,1,0.09,0,0,0.33,0.02,"r2l"
4,"tcp","smtp","SF",2387,332,"0",0,0,0,0,"1",0,"0","0",0,0,0,0,0,0,"0",1,1,0,0,0,0,1,0,0,179,129,0.53,0.02,0.01,0.02,0,0,0,0,"normal"
0,"tcp","gopher","S0",0,0,"0",0,0,0,0,"0",0,"0","0",0,0,0,0,0,0,"0",207,9,1,1,0,0,0.04,0.06,0,255,2,0.01,0.07,0,0,1,1,0,0,"dos"
0,"tcp","http","SF",321,1484,"0",0,0,0,0,"1",0,"0","0",0,0,0,0,0,0,"0",27,27,0,0,0,0,1,0,0,99,255,1,0,0.01,0.02,0,0.01,0,0,"normal"
0,"tcp","http","SF",222,1047,"0",0,0,0,0,"1",0,"0","0",0,0,0,0,0,0,"0",21,21,0,0,0,0,1,0,0,21,255,1,0,0.05,0.03,0,0,0,0,"normal"
0,"tcp","private","S0",0,0,"0",0,0,0,0,"0",0,"0","0",0,0,0,0,0,0,"0",233,19,1,1,0,0,0.08,0.06,0,255,19,0.07,0.07,0,0,1,1,0,0,"dos"
0,"tcp","http","SF",180,816,"0",0,0,0,0,"1",0,"0","0",0,0,0,0,0,0,"0",2,2,0,0,0,0,1,0,0,170,255,1,0,0.01,0.02,0,0,0,0,"normal"
0,"udp","domain_u","SF",44,44,"0",0,0,0,0,"0",0,"0","0",0,0,0,0,0,0,"0",178,177,0,0,0,0,0.99,0.01,0,255,254,1,0.01,0,0,0,0,0,0,"normal"
0,"tcp","private","REJ",0,0,"0",0,0,0,0,"0",0,"0","0",0,0,0,0,0,0,"0",225,13,0,0,1,1,0.06,0.07,0,255,13,0.05,0.07,0,0,0,0,1,1,"dos"
0,"icmp","ecr_i","SF",1032,0,"0",0,0,0,0,"0",0,"0","0",0,0,0,0,0,0,"0",207,207,0,0,0,0,1,0,0,255,207,0.81,0.01,0.81,0,0,0,0,0,"dos"
1,"tcp","smtp","SF",559,339,"0",0,0,0,0,"1",0,"0","0",0,0,0,0,0,0,"0",1,1,0,0,0,0,1,0,0,255,135,0.53,0.02,0,0,0,0,0,0,"normal"
0,"tcp","private","REJ",0,0,"0",0,0,0,0,"0",0,"0","0",0,0,0,0,0,0,"0",146,16,0,0,1,1,0.11,0.05,0,255,16,0.06,0.06,0,0,0,0,1,1,"dos"
0,"tcp","private","S0",0,0,"0",0,0,0,0,"0",0,"0","0",0,0,0,0,0,0,"0",120,16,1,1,0,0,0.13,0.07,0,255,16,0.06,0.06,0,0,1,1,0,0,"dos"
0,"udp","domain_u","SF",46,46,"0",0,0,0,0,"0",0,"0","0",0,0,0,0,0,0,"0",3,11,0,0,0,0,1,0,0.27,255,249,0.98,0.01,0.11,0,0,0,0,0,"normal"
0,"tcp","smtp","SF",1606,330,"0",0,0,0,0,"1",0,"0","0",0,0,0,0,0,0,"0",1,1,0,0,0,0,1,0,0,106,81,0.76,0.05,0.01,0,0,0,0,0,"normal"
0,"tcp","http","REJ",0,0,"0",0,0,0,0,"0",0,"0","0",0,0,0,0,0,0,"0",1,1,0,0,1,1,1,0,0,24,255,1,0,0.04,0.06,0,0,1,0.85,"normal"
0,"udp","private","SF",105,147,"0",0,0,0,0,"0",0,"0","0",0,0,0,0,0,0,"0",2,2,0,0,0,0,1,0,0,255,248,0.97,0.01,0.01,0,0,0,0,0,"normal"
0,"icmp","eco_i","SF",8,0,"0",0,0,0,0,"0",0,"0","0",0,0,0,0,0,0,"0",1,43,0,0,0,0,1,0,1,2,92,1,0,1,0.5,0,0,0,0,"probe"
0,"tcp","daytime","S0",0,0,"0",0,0,0,0,"0",0,"0","0",0,0,0,0,0,0,"0",248,6,1,1,0,0,0.02,0.06,0,255,6,0.02,0.06,0,0,1,1,0,0,"dos"
0,"tcp","private","S0",0,0,"0",0,0,0,0,"0",0,"0","0",0,0,0,0,0,0,"0",121,19,1,1,0,0,0.16,0.06,0,255,19,0.07,0.05,0,0,1,1,0,0,"dos"
