2,CustomerFeedbackCollection,2
0,"tcp","http","SF",350,715,"0",0,0,0,0,"1",0,"0","0",0,0,0,0,0,0,"0",13,13,0,0,0,0,1,0,0,255,255,1,0,0,0,0,0,0,0,"normal"
0,"tcp","private","S0",0,0,"0",0,0,0,0,"0",0,"0","0",0,0,0,0,0,0,"0",119,4,1,1,0,0,0.03,0.05,0,255,4,0.02,0.05,0,0,1,1,0,0,"dos"
0,"tcp","ftp_data","SF",13239,0,"0",0,0,0,0,"1",0,"0","0",0,0,0,0,0,0,"0",1,1,0,0,0,0,1,0,0,54,61,0.48,0.07,0.48,0.03,0,0,0,0,"normal"
0,"tcp","http","SF",255,824,"0",0,0,0,0,"1",0,"0","0",0,0,0,0,0,0,"0",15,15,0,0,0,0,1,0,0,30,255,1,0,0.03,0.03,0,0,0,0,"normal"
0,"tcp","private","S0",0,0,"0",0,0,0,0,"0",0,"0","0",0,0,0,0,0,0,"0",205,2,1,1,0,0,0.01,0.06,0,255,20,0.08,0.07,0,0,1,1,0,0,"dos"
0,"tcp","http","SF",205,622,"0",0,0,0,0,"1",0,"0","0",0,0,0,0,0,0,"0",3,3,0,0,0,0,1,0,0,255,255,1,0,0,0,0,0,0,0,"normal"
0,"tcp","private","S0",0,0,"0",0,0,0,0,"0",0,"0","0",0,0,0,0,0,0,"0",80,19,1,1,0,0,0.24,0.08,0,255,19,0.07,0.07,0,0,1,1,0,0,"dos"
0,"tcp","private","S0",0,0,"0",0,0,0,0,"0",0,"0","0",0,0,0,0,0,0,"0",240,20,1,1,0,0,0.08,0.06,0,255,3,0.01,0.07,0,0,1,1,0,0,"dos"
0,"tcp","private","S0",0,0,"0",0,0,0,0,"0",0,"0","0",0,0,0,0,0,0,"0",276,20,1,1,0,0,0.07,0.05,0,255,2,0.01,0.08,0,0,1,1,0,0,"dos"
0,"tcp","time","S0",0,0,"0",0,0,0,0,"0",0,"0","0",0,0,0,0,0,0,"0",267,4,1,1,0,0,0.01,0.06,0,255,4,0.02,0.07,0,0,1,1,0,0,"dos"
0,"tcp","ftp_data","SF",245,0,"0",0,0,0,0,"1",0,"0","0",1,0,0,0,0,0,"0",2,2,0,0,0,0,1,0,0,62,65,0.26,0.06,0.26,0.03,0,0,0,0,"normal"
0,"tcp","http","SF",221,2127,"0",0,0,0,0,"1",0,"0","0",0,0,0,0,0,0,"0",20,20,0,0,0,0,1,0,0,20,170,1,0,0.05,0.06,0,0,0,0,"normal"
0,"tcp","http","SF",186,23608,"0",0,0,0,0,"1",0,"0","0",0,0,0,0,0,0,"0",6,13,0,0,0,0,1,0,0.15,215,255,1,0,0,0.01,0,0,0,0,"normal"
0,"tcp","http","SF",182,16176,"0",0,0,0,0,"1",0,"0","0",0,0,0,0,0,0,"0",2,2,0,0,0,0,1,0,0,255,255,1,0,0,0,0,0,0,0,"normal"
0,"tcp","private","S0",0,0,"0",0,0,0,0,"0",0,"0","0",0,0,0,0,0,0,"0",220,12,1,1,0,0,0.05,0.07,0,255,12,0.05,0.09,0,0,1,1,0,0,"dos"
0,"tcp","http","SF",192,2071,"0",0,0,0,0,"1",0,"0","0",0,0,0,0,0,0,"0",7,10,0,0,0,0,1,0,0.2,255,255,1,0,0,0,0,0,0,0,"normal"
16224,"udp","other","SF",147,105,"0",0,0,0,0,"0",0,"0","0",0,0,0,0,0,0,"0",3,1,0,0,0,0,0.33,0.67,0,255,4,0.02,0.46,0.82,0,0,0,0,0,"normal"
0,"tcp","http","SF",144,9743,"0",0,0,0,0,"1",0,"0","0",0,0,0,0,0,0,"0",1,6,0,0,0,0,1,0,0.33,115,255,1,0,0.01,0.05,0,0,0,0,"normal"
0,"tcp","http","SF",233,1415,"0",0,0,0,0,"1",0,"0","0",0,0,0,0,0,0,"0",11,14,0,0,0,0,1,0,0.29,255,255,1,0,0,0,0,0,0,0,"normal"
0,"tcp","private","S0",0,0,"0",0,0,0,0,"0",0,"0","0",0,0,0,0,0,0,"0",28,13,1,1,0,0,0.46,0.07,0,255,13,0.05,0.07,0,0,1,1,0,0,"dos"
0,"tcp","http","SF",228,1846,"0",0,0,0,0,"1",0,"0","0",0,0,0,0,0,0,"0",10,10,0,0,0,0,1,0,0,10,255,1,0,0.1,0.03,0,0,0,0,"normal"
0,"tcp","private","S0",0,0,"0",0,0,0,0,"0",0,"0","0",0,0,0,0,0,0,"0",220,7,1,1,0,0,0.03,0.07,0,255,7,0.03,0.08,0,0,1,1,0,0,"dos"
0,"tcp","http","SF",303,1371,"0",0,0,0,0,"1",0,"0","0",0,0,0,0,0,0,"0",23,25,0,0,0,0,1,0,0.08,255,255,1,0,0,0,0,0,0,0,"normal"
0,"tcp","private","S0",0,0,"0",0,0,0,0,"0",0,"0","0",0,0,0,0,0,0,"0",111,2,1,1,0,0,0.02,0.07,0,255,2,0.01,0.07,0,0,1,1,0,0,"dos"
0,"tcp","ftp_data","SF",334,0,"0",0,0,0,0,"1",0,"0","0",0,0,0,0,0,0,"0",2,2,0,0,0,0,1,0,0,6,14,1,0,1,0.21,0,0,0,0,"r2l"
0,"tcp","discard","S0",0,0,"0",0,0,0,0,"0",0,"0","0",0,0,0,0,0,0,"0",249,5,1,1,0,0,0.02,0.06,0,255,16,0.06,0.07,0,0,1,1,0,0,"dos"
0,"tcp","private","S0",0,0,"0",0,0,0,0,"0",0,"0","0",0,0,0,0,0,0,"0",262,11,1,1,0,0,0.04,0.05,0,255,11,0.04,0.05,0,0,1,1,0,0,"dos"
0,"tcp","private","S0",0,0,"0",0,0,0,0,"0",0,"0","0",0,0,0,0,0,0,"0",124,5,1,1,0,0,0.04,0.06,0,255,5,0.02,0.07,0,0,1,1,0,0,"dos"
0,"tcp","private","REJ",0,0,"0",0,0,0,0,"0",0,"0","0",0,0,0,0,0,0,"0",270,9,0,0,1,1,0.03,0.06,0,255,9,0.04,0.08,0,0,0,0,1,1,"dos"
0,"tcp","smtp","SF",1280,376,"0",0,0,0,0,"1",0,"0","0",0,0,0,0,0,0,"0",1,1,0,0,0,0,1,0,0,140,161,0.71,0.02,0.01,0.01,0,0,0,0,"normal"
0,"tcp","http","SF",196,5136,"0",0,0,0,0,"1",0,"0","0",0,0,0,0,0,0,"0",5,12,0,0,0,0,1,0,0.17,5,255,1,0,0.2,0.02,0,0,0,0,"normal"
0,"icmp","ecr_i","SF",1032,0,"0",0,0,0,0,"0",0,"0","0",0,0,0,0,0,0,"0",510,510,0,0,0,0,1,0,0,255,139,0.55,0.17,0.55,0,0,0,0,0,"dos"
0,"tcp","private","S0",0,0,"0",0,0,0,0,"0",0,"0","0",0,0,0,0,0,0,"0",238,4,1,1,0,0,0.02,0.07,0,255,4,0.02,0.07,0,0,1,1,0,0,"dos"
0,"tcp","private","S0",0,0,"0",0,0,0,0,"0",0,"0","0",0,0,0,0,0,0,"0",293,22,1,1,0,0,0.08,0.05,0,255,22,0.09,0.06,0,0,1,1,0,0,"dos"
0,"tcp","private","S0",0,0,"0",0,0,0,0,"0",0,"0","0",0,0,0,0,0,0,"0",256,2,1,1,0,0,0.01,0.06,0,255,2,0.01,0.07,0,0,1,1,0,0,"dos"
0,"tcp","private","S0",0,0,"0",0,0,0,0,"0",0,"0","0",0,0,0,0,0,0,"0",146,23,1,1,0,0,0.16,0.04,0,255,23,0.09,0.04,0,0,1,1,0,0,"dos"
0,"tcp","http","SF",245,1270,"0",0,0,0,0,"1",0,"0","0",0,0,0,0,0,0,"0",12,12,0,0,0,0,1,0,0,255,255,1,0,0,0,0,0,0,0,"normal"
0,"tcp","http","SF",337,195,"0",0,0,0,0,"1",0,"0","0",0,0,0,0,0,0,"0",1,2,0,0,0,0,1,0,1,1,255,1,0,1,0.01,0,0,0,0,"normal"
0,"tcp","http","SF",218,506,"0",0,0,0,0,"1",0,"0","0",0,0,0,0,0,0,"0",1,16,0,0,0,0,1,0,0.12,1,255,1,0,1,0.07,0,0,0,0,"normal"
0,"udp","domain_u","SF",32,48,"0",0,0,0,0,"0",0,"0","0",0,0,0,0,0,0,"0",3,6,0,0,0,0,1,0,0.5,135,131,0.97,0.02,0.01,0,0,0,0,0,"normal"
0,"tcp","private","S0",0,0,"0",0,0,0,0,"0",0,"0","0",0,0,0,0,0,0,"0",284,18,1,1,0,0,0.06,0.06,0,255,18,0.07,0.06,0,0,1,1,0,0,"dos"
0,"tcp","private","S0",0,0,"0",0,0,0,0,"0",0,"0","0",0,0,0,0,0,0,"0",143,15,1,1,0,0,0.1,0.07,0,255,15,0.06,0.07,0,0,1,1,0,0,"dos"
0,"tcp","private","S0",0,0,"0",0,0,0,0,"0",0,"0","0",0,0,0,0,0,0,"0",143,12,1,1,0,0,0.08,0.06,0,255,9,0.04,0.07,0,0,1,1,0,0,"dos"
0,"tcp","http","SF",290,622,"0",0,0,0,0,"1",0,"0","0",0,0,0,0,0,0,"0",2,2,0,0,0,0,1,0,0,31,255,1,0,0.03,0.07,0,0,0,0,"normal"
0,"tcp","http","SF",219,2816,"0",0,0,0,0,"1",0,"0","0",0,0,0,0,0,0,"0",28,33,0,0,0,0,1,0,0.06,255,255,1,0,0,0,0,0,0,0,"normal"
0,"tcp","pop_2","S0",0,0,"0",0,0,0,0,"0",0,"0","0",0,0,0,0,0,0,"0",293,17,1,1,0,0,0.06,0.05,0,255,17,0.07,0.07,0,0,1,1,0,0,"dos"
0,"tcp","http","SF",273,26624,"0",0,0,0,0,"1",0,"0","0",0,0,0,0,0,0,"0",1,1,0,0,0,0,1,0,0,19,255,1,0,0.05,0.04,0,0,0,0,"normal"
0,"tcp","private","REJ",0,0,"0",0,0,0,0,"0",0,"0","0",0,0,0,0,0,0,"0",110,3,0,0,1,1,0.03,0.08,0,255,3,0.01,0.08,0,0,0,0,1,1,"dos"
0,"tcp","http","SF",225,7864,"0",0,0,0,0,"1",0,"0","0",0,0,0,0,0,0,"0",25,25,0,0,0,0,1,0,0,255,255,1,0,0,0,0,0,0,0,"normal"
0,"tcp","remote_job","S0",0,0,"0",0,0,0,0,"0",0,"0","0",0,0,0,0,0,0,"0",206,3,1,1,0,0,0.01,0.07,0,255,3,0.01,0.08,0,0,1,1,0,0,"dos"
0,"tcp","http","SF",221,642,"0",0,0,0,0,"1",0,"0","0",0,0,0,0,0,0,"0",26,27,0,0,0,0,1,0,0.07,255,255,1,0,0,0,0,0,0,0,"normal"
0,"tcp","private","S0",0,0,"0",0,0,0,0,"0",0,"0","0",0,0,0,0,0,0,"0",117,5,1,1,0,0,0.04,0.08,0,255,5,0.02,0.08,0,0,1,1,0,0,"dos"
0,"tcp","private","REJ",0,0,"0",0,0,0,0,"0",0,"0","0",0,0,0,0,0,0,"0",139,11,0,0,1,1,0.08,0.06,0,255,11,0.04,0.07,0,0,0,0,1,1,"dos"
0,"tcp","smtp","SF",1475,333,"0",0,0,0,0,"1",0,"0","0",0,0,0,0,0,0,"0",1,2,0,0,0,0,1,0,1,13,152,0.77,0.15,0.08,0.01,0,0,0,0,"normal"
0,"tcp","private","S0",0,0,"0",0,0,0,0,"0",0,"0","0",0,0,0,0,0,0,"0",135,12,1,1,0,0,0.09,0.04,0,255,12,0.05,0.05,0,0,1,1,0,0,"dos"
0,"tcp","remote_job","REJ",0,0,"0",0,0,0,0,"0",0,"0","0",0,0,0,0,0,0,"0",275,14,0,0,1,1,0.05,0.07,0,255,14,0.05,0.09,0,0,0,0,1,1,"dos"
2630,"udp","other","SF",146,105,"0",0,0,0,0,"0",0,"0","0",0,0,0,0,0,0,"0",1,1,0,0,0,0,1,0,0,255,1,0,0.87,0.99,0,0,0,0,0,"normal"
0,"udp","domain_u","SF",42,42,"0",0,0,0,0,"0",0,"0","0",0,0,0,0,0,0,"0",9,14,0,0,0,0,1,0,0.21,93,93,1,0,0.01,0,0,0,0,0,"normal"
0,"tcp","private","S0",0,0,"0",0,0,0,0,"0",0,"0","0",0,0,0,0,0,0,"0",271,11,1,1,0,0,0.04,0.05,0,255,11,0.04,0.05,0,0,1,1,0,0,"dos"
0,"tcp","http","SF",243,9768,"0",0,0,0,0,"1",0,"0","0",0,0,0,0,0,0,"0",26,26,0.04,0.04,0,0,1,0,0,255,255,1,0,0,0,0,0,0,0,"normal"
0,"tcp","pop_3","SF",52,1475,"0",0,0,0,0,"1",0,"0","0",0,0,0,0,0,0,"0",1,1,0,0,0,0,1,0,0,78,7,0.04,0.08,0.01,0.29,0,0,0,0,"normal"
0,"tcp","private","S0",0,0,"0",0,0,0,0,"0",0,"0","0",0,0,0,0,0,0,"0",130,14,1,1,0,0,0.11,0.05,0,255,14,0.05,0.07,0,0,1,1,0,0,"dos"
0,"tcp","private","S0",0,0,"0",0,0,0,0,"0",0,"0","0",0,0,0,0,0,0,"0",125,15,1,1,0,0,0.12,0.06,0,255,7,0.03,0.07,0,0,1,1,0,0,"dos"
36,"tcp","telnet","SF",747,1104466,"0",0,0,0,0,"1",0,"0","0",0,0,0,0,0,0,"0",1,1,0,0,0,0,1,0,0,181,20,0.11,0.02,0.01,0,0,0,0,0,"normal"
0,"tcp","http","SF",224,5114,"0",0,0,0,0,"1",0,"0","0",0,0,0,0,0,0,"0",1,1,0,0,0,0,1,0,0,48,255,1,0,0.02,0.02,0,0,0,0,"normal"
0,"tcp","http","SF",230,1396,"0",0,0,0,0,"1",0,"0","0",0,0,0,0,0,0,"0",17,17,0,0,0,0,1,0,0,255,255,1,0,0,0,0,0,0,0,"normal"
0,"tcp","private","S0",0,0,"0",0,0,0,0,"0",0,"0","0",0,0,0,0,0,0,"0",132,4,1,1,0,0,0.03,0.06,0,255,6,0.02,0.08,0,0,1,1,0,0,"dos"
0,"tcp","private","S0",0,0,"0",0,0,0,0,"0",0,"0","0",0,0,0,0,0,0,"0",268,5,1,1,0,0,0.02,0.06,0,255,6,0.02,0.06,0,0,1,1,0,0,"dos"
0,"tcp","smtp","SF",1591,444,"0",0,0,0,0,"1",0,"0","0",0,0,0,0,0,0,"0",1,2,0,0,0,0,1,0,1,47,155,0.81,0.06,0.02,0.01,0,0,0.02,0.04,"normal"
2,"udp","private","SF",105,146,"0",0,0,0,0,"0",0,"0","0",0,0,0,0,0,0,"0",2,2,0,0,0,0,1,0,0,255,232,0.91,0.01,0.02,0,0,0,0,0,"normal"
0,"tcp","private","S0",0,0,"0",0,0,0,0,"0",0,"0","0",0,0,0,0,0,0,"0",145,15,1,1,0,0,0.1,0.06,0,255,10,0.04,0.05,0,0,1,1,0,0,"dos"
0,"tcp","private","S0",0,0,"0",0,0,0,0,"0",0,"0","0",0,0,0,0,0,0,"0",234,11,1,1,0,0,0.05,0.06,0,255,12,0.05,0.08,0,0,1,1,0,0,"dos"
0,"tcp","private","S0",0,0,"0",0,0,0,0,"0",0,"0","0",0,0,0,0,0,0,"0",116,19,1,1,0,0,0.16,0.07,0,255,19,0.07,0.06,0,0,1,1,0,0,"dos"
0,"tcp","http","SF",293,2457,"0",0,0,0,0,"1",0,"0","0",0,0,0,0,0,0,"0",29,29,0,0,0,0,1,0,0,255,255,1,0,0,0,0,0,0,0,"normal"
0,"tcp","private","REJ",0,0,"0",0,0,0,0,"0",0,"0","0",0,0,0,0,0,0,"0",145,17,0,0,1,1,0.12,0.07,0,255,17,0.07,0.09,0,0,0,0,1,1,"dos"
0,"tcp","private","S0",0,0,"0",0,0,0,0,"0",0,"0","0",0,0,0,0,0,0,"0",122,6,1,1,0,0,0.05,0.06,0,255,6,0.02,0.07,0,0,1,1,0,0,"dos"
0,"tcp","private","S0",0,0,"0",0,0,0,0,"0",0,"0","0",0,0,0,0,0,0,"0",289,19,1,1,0,0,0.07,0.06,0,255,19,0.07,0.08,0,0,1,1,0,0,"dos"
0,"tcp","private","S0",0,0,"0",0,0,0,0,"0",0,"0","0",0,0,0,0,0,0,"0",11,2,1,1,0,0,0.18,0.36,0,255,2,0.01,0.09,0,0,1,1,0,0,"dos"
0,"tcp","private","REJ",0,0,"0",0,0,0,0,"0",0,"0","0",0,0,0,0,0,0,"0",129,13,0,0,1,1,0.1,0.06,0,255,13,0.05,0.07,0,0,0,0,1,1,"dos"
0,"tcp","http","SF",163,12959,"0",0,0,0,0,"1",0,"0","0",0,0,0,0,0,0,"0",1,10,0,0,0,0,1,0,0.4,9,170,1,0,0.11,0.06,0,0.01,0,0.01,"normal"
0,"tcp","http","SF",234,1735,"0",0,0,0,0,"1",0,"0","0",0,0,0,0,0,0,"0",2,3,0,0,0,0,1,0,0.67,228,255,1,0,0,0.01,0,0,0,0,"normal"
0,"tcp","smtp","SF",604,336,"0",0,0,0,0,"1",0,"0","0",0,0,0,0,0,0,"0",1,1,0,0,0,0,1,0,0,23,91,0.61,0.22,0.04,0.02,0,0,0,0,"normal"
0,"tcp","http","SF",308,1587,"0",0,0,0,0,"1",0,"0","0",0,0,0,0,0,0,"0",4,4,0,0,0,0,1,0,0,255,255,1,0,0,0,0,0,0,0,"normal"
0,"tcp","http","SF",308,1333,"0",0,0,0,0,"1",0,"0","0",0,0,0,0,0,0,"0",15,16,0,0,0,0,1,0,0.12,15,230,1,0,0.07,0.07,0,0,0,0,"normal"
0,"tcp","http","SF",205,166,"0",0,0,0,0,"1",0,"0","0",0,0,0,0,0,0,"0",17,55,0,0,0,0,1,0,0.09,88,88,1,0,0.01,0,0,0,0,0,"normal"
0,"tcp","http","SF",281,9248,"0",0,0,0,0,"1",0,"0","0",0,0,0,0,0,0,"0",4,8,0,0,0,0,1,0,0.25,255,255,1,0,0,0,0,0,0,0,"normal"
0,"tcp","http","SF",219,3081,"0",0,0,0,0,"1",0,"0","0",0,0,0,0,0,0,"0",14,14,0,0,0,0,1,0,0,255,255,1,0,0,0,0,0,0,0,"normal"
0,"tcp","private","S0",0,0,"0",0,0,0,0,"0",0,"0","0",0,0,0,0,0,0,"0",209,1,1,1,0,0,0,0.07,0,255,9,0.04,0.08,0,0,1,1,0,0,"dos"
0,"tcp","private","S0",0,0,"0",0,0,0,0,"0",0,"0","0",0,0,0,0,0,0,"0",195,19,1,1,0,0,0.1,0.06,0,255,19,0.07,0.06,0,0,1,1,0,0,"dos"
0,"tcp","private","REJ",0,0,"0",0,0,0,0,"0",0,"0","0",0,0,0,0,0,0,"0",103,17,0,0,1,1,0.17,0.07,0,255,17,0.07,0.06,0,0,0,0,1,1,"dos"
4430,"udp","other","SF",147,105,"0",0,0,0,0,"0",0,"0","0",0,0,0,0,0,0,"0",1,1,0,0,0,0,1,0,0,255,1,0,0.85,0.99,0,0,0,0,0,"normal"
0,"tcp","private","S0",0,0,"0",0,0,0,0,"0",0,"0","0",0,0,0,0,0,0,"0",117,15,1,1,0,0,0.13,0.05,0,255,15,0.06,0.05,0,0,1,1,0,0,"dos"
0,"tcp","private","S0",0,0,"0",0,0,0,0,"0",0,"0","0",0,0,0,0,0,0,"0",145,5,1,1,0,0,0.03,0.06,0,255,7,0.03,0.08,0,0,1,1,0,0,"dos"
0,"tcp","http","SF",197,308,"0",0,0,0,0,"1",0,"0","0",0,0,0,0,0,0,"0",6,7,0,0,0,0,1,0,0.29,255,255,1,0,0,0,0,0,0,0,"normal"
0,"tcp","private","S0",0,0,"0",0,0,0,0,"0",0,"0","0",0,0,0,0,0,0,"0",280,18,1,1,0,0,0.06,0.06,0,255,2,0.01,0.07,0,0,1,1,0,0,"dos"
0,"tcp","http","SF",243,1541,"0",0,0,0,0,"1",0,"0","0",0,0,0,0,0,0,"0",1,19,0,0,0,0,1,0,0.21,246,255,1,0,0,0.01,0,0,0,0,"normal"
0,"tcp","private","S0",0,0,"0",0,0,0,0,"0",0,"0","0",0,0,0,0,0,0,"0",272,18,1,1,0,0,0.07,0.06,0,255,3,0.01,0.07,0,0,1,1,0,0,"dos"
0,"tcp","private","S0",0,0,"0",0,0,0,0,"0",0,"0","0",0,0,0,0,0,0,"0",220,12,1,1,0,0,0.05,0.06,0,255,10,0.04,0.07,0,0,1,1,0,0,"dos"
0,"tcp","private","S0",0,0,"0",0,0,0,0,"0",0,"0","0",0,0,0,0,0,0,"0",128,8,1,1,0,0,0.06,0.05,0,255,8,0.03,0.07,0,0,1,1,0,0,"dos"
0,"tcp","private","S0",0,0,"0",0,0,0,0,"0",0,"0","0",0,0,0,0,0,0,"0",275,9,1,1,0,0,0.03,0.07,0,255,9,0.04,0.08,0,0,1,1,0,0,"dos"
