1,CustomerFeedbackCollection,4
0,"tcp","private","S0",0,0,"0",0,0,0,0,"0",0,"0","0",0,0,0,0,0,0,"0",128,13,1,1,0,0,0.1,0.05,0,255,8,0.03,0.06,0,0,1,1,0,0,"dos"
0,"tcp","http","SF",236,9308,"0",0,0,0,0,"1",0,"0","0",0,0,0,0,0,0,"0",1,1,0,0,0,0,1,0,0,3,255,1,0,0.33,0.04,0,0,0,0,"normal"
0,"tcp","efs","S0",0,0,"0",0,0,0,0,"0",0,"0","0",0,0,0,0,0,0,"0",139,15,1,1,0,0,0.11,0.05,0,255,15,0.06,0.05,0,0,1,1,0,0,"dos"
0,"tcp","http","SF",333,2587,"0",0,0,0,0,"1",0,"0","0",0,0,0,0,0,0,"0",9,9,0,0,0,0,1,0,0,255,255,1,0,0,0,0,0,0,0,"normal"
0,"tcp","http","SF",275,1626,"0",0,0,0,0,"1",0,"0","0",0,0,0,0,0,0,"0",3,3,0,0,0,0,1,0,0,8,255,1,0,0.12,0.05,0,0,0,0,"normal"
19,"udp","private","SF",105,147,"0",0,0,0,0,"0",0,"0","0",0,0,0,0,0,0,"0",2,2,0,0,0,0,1,0,0,255,232,0.91,0.01,0.01,0,0,0,0,0,"normal"
0,"tcp","http","SF",217,2073,"0",0,0,0,0,"1",0,"0","0",0,0,0,0,0,0,"0",25,25,0,0,0,0,1,0,0,255,255,1,0,0,0,0,0,0,0,"normal"
0,"tcp","private","S0",0,0,"0",0,0,0,0,"0",0,"0","0",0,0,0,0,0,0,"0",267,12,1,1,0,0,0.04,0.07,0,255,13,0.05,0.06,0,0,1,1,0,0,"dos"
0,"tcp","http","SF",222,777,"0",0,0,0,0,"1",0,"0","0",0,0,0,0,0,0,"0",4,9,0,0,0,0,1,0,0.44,221,255,1,0,0,0.02,0,0,0,0,"normal"
0,"tcp","http","SF",253,8890,"0",0,0,0,0,"1",0,"0","0",0,0,0,0,0,0,"0",1,8,0,0,0,0,1,0,0.38,255,255,1,0,0,0,0,0,0,0,"normal"
0,"tcp","smtp","SF",696,328,"0",0,0,0,0,"1",0,"0","0",0,0,0,0,0,0,"0",1,3,0,0,0,0,1,0,1,124,81,0.65,0.05,0.01,0,0,0,0,0,"normal"
0,"tcp","http","SF",224,2531,"0",0,0,0,0,"1",0,"0","0",0,0,0,0,0,0,"0",2,3,0,0,0,0,1,0,0.67,166,166,1,0,0.01,0,0,0,0,0,"normal"
0,"tcp","private","S0",0,0,"0",0,0,0,0,"0",0,"0","0",0,0,0,0,0,0,"0",101,1,1,1,0,0,0.01,0.07,0,255,1,0,0.09,0,0,1,1,0,0,"dos"
0,"tcp","http","SF",142,461,"0",0,0,0,0,"1",0,"0","0",0,0,0,0,0,0,"0",1,3,0,0,0,0,1,0,1,1,255,1,0,1,0.04,0,0,0,0,"normal"
0,"tcp","private","S0",0,0,"0",0,0,0,0,"0",0,"0","0",0,0,0,0,0,0,"0",255,10,1,1,0,0,0.04,0.06,0,255,10,0.04,0.08,0,0,1,1,0,0,"dos"
0,"tcp","http","SF",290,2009,"0",0,0,0,0,"1",0,"0","0",0,0,0,0,0,0,"0",12,12,0,0,0,0,1,0,0,49,255,1,0,0.02,0.04,0,0,0,0,"normal"
2,"tcp","smtp","SF",964,332,"0",0,0,0,0,"1",0,"0","0",0,0,0,0,0,0,"0",1,3,0,0,0,0,1,0,1,138,154,0.44,0.04,0.01,0.01,0,0,0,0,"normal"
0,"tcp","http","SF",228,784,"0",0,0,0,0,"1",0,"0","0",0,0,0,0,0,0,"0",6,19,0,0,0,0,1,0,0.16,255,255,1,0,0,0,0,0,0,0,"normal"
0,"tcp","private","S0",0,0,"0",0,0,0,0,"0",0,"0","0",0,0,0,0,0,0,"0",242,8,1,1,0,0,0.03,0.06,0,255,12,0.05,0.07,0,0,1,1,0,0,"dos"
0,"tcp","http","REJ",0,0,"0",0,0,0,0,"0",0,"0","0",0,0,0,0,0,0,"0",1,1,0,0,1,1,1,0,0,5,255,1,0,0.2,0.18,0,0,1,0.94,"normal"
0,"tcp","http","REJ",0,0,"0",0,0,0,0,"0",0,"0","0",0,0,0,0,0,0,"0",1,4,0,0,1,1,1,0,1,1,255,1,0,1,0.21,0,0,1,0.95,"normal"
0,"tcp","http","SF",336,3040,"0",0,0,0,0,"1",0,"0","0",0,0,0,0,0,0,"0",2,12,0,0,0,0,1,0,0.17,24,255,1,0,0.04,0.04,0,0,0,0,"normal"
0,"tcp","private","S0",0,0,"0",0,0,0,0,"0",0,"0","0",0,0,0,0,0,0,"0",121,18,1,1,0,0,0.15,0.07,0,255,18,0.07,0.06,0,0,1,1,0,0,"dos"
0,"tcp","http","SF",298,957,"0",0,0,0,0,"1",0,"0","0",0,0,0,0,0,0,"0",1,14,0,0,0,0,1,0,0.14,3,255,1,0,0.33,0.04,0,0,0,0,"normal"
0,"tcp","http","SF",296,3295,"0",0,0,0,0,"1",0,"0","0",0,0,0,0,0,0,"0",4,57,0,0,0,0,1,0,0.11,33,255,1,0,0.03,0.06,0,0,0,0,"normal"
0,"tcp","private","S0",0,0,"0",0,0,0,0,"0",0,"0","0",0,0,0,0,0,0,"0",110,10,1,1,0,0,0.09,0.06,0,255,10,0.04,0.06,0,0,1,1,0,0,"dos"
0,"tcp","http","SF",291,1211,"0",0,0,0,0,"1",0,"0","0",0,0,0,0,0,0,"0",17,17,0,0,0,0,1,0,0,51,255,1,0,0.02,0.04,0,0,0,0,"normal"
0,"tcp","http","SF",336,1248,"0",0,0,0,0,"1",0,"0","0",0,0,0,0,0,0,"0",12,12,0,0,0,0,1,0,0,251,255,1,0,0,0.01,0,0,0,0,"normal"
0,"tcp","http","SF",217,392,"0",0,0,0,0,"1",0,"0","0",0,0,0,0,0,0,"0",23,44,0,0,0,0,1,0,0.11,255,255,1,0,0,0,0,0,0,0,"normal"
0,"tcp","private","S0",0,0,"0",0,0,0,0,"0",0,"0","0",0,0,0,0,0,0,"0",101,19,1,1,0,0,0.19,0.06,0,255,12,0.05,0.09,0,0,1,1,0,0,"dos"
0,"tcp","private","S0",0,0,"0",0,0,0,0,"0",0,"0","0",0,0,0,0,0,0,"0",163,6,1,1,0,0,0.04,0.07,0,255,3,0.01,0.09,0,0,1,1,0,0,"dos"
0,"udp","domain_u","SF",34,34,"0",0,0,0,0,"0",0,"0","0",0,0,0,0,0,0,"0",1,3,0,0,0,0,1,0,1,35,34,0.97,0.06,0.03,0,0,0,0,0,"normal"
0,"tcp","private","S0",0,0,"0",0,0,0,0,"0",0,"0","0",0,0,0,0,0,0,"0",134,13,1,1,0,0,0.1,0.06,0,255,2,0.01,0.07,0,0,1,1,0,0,"dos"
0,"tcp","private","S0",0,0,"0",0,0,0,0,"0",0,"0","0",0,0,0,0,0,0,"0",150,20,1,1,0,0,0.13,0.05,0,255,15,0.06,0.07,0,0,1,1,0,0,"dos"
0,"tcp","smtp","SF",1785,330,"0",0,0,0,0,"1",0,"0","0",0,0,0,0,0,0,"0",1,1,0,0,0,0,1,0,0,197,100,0.51,0.04,0.01,0,0,0,0,0,"normal"
0,"tcp","http","SF",339,797,"0",0,0,0,0,"1",0,"0","0",0,0,0,0,0,0,"0",2,2,0,0,0,0,1,0,0,255,255,1,0,0,0,0,0,0,0,"normal"
0,"tcp","smtp","SF",1014,332,"0",0,0,0,0,"1",0,"0","0",0,0,0,0,0,0,"0",1,2,0,0,0,0,1,0,1,225,130,0.54,0.03,0,0.02,0,0,0,0,"normal"
0,"tcp","private","S0",0,0,"0",0,0,0,0,"0",0,"0","0",0,0,0,0,0,0,"0",298,18,1,1,0,0,0.06,0.06,0,255,13,0.05,0.08,0,0,1,1,0,0,"dos"
0,"tcp","http","SF",161,9533,"0",0,0,0,0,"1",0,"0","0",0,0,0,0,0,0,"0",1,1,0,0,0,0,1,0,0,187,255,1,0,0.01,0.03,0,0,0.01,0,"normal"
0,"tcp","private","S0",0,0,"0",0,0,0,0,"0",0,"0","0",0,0,0,0,0,0,"0",106,19,1,1,0,0,0.18,0.06,0,255,18,0.07,0.07,0,0,1,1,0,0,"dos"
0,"tcp","http","SF",206,995,"0",0,0,0,0,"1",0,"0","0",0,0,0,0,0,0,"0",2,2,0,0,0,0,1,0,0,2,255,1,0,0.5,0.02,0,0,0,0,"normal"
0,"tcp","http","SF",202,383,"0",0,0,0,0,"1",0,"0","0",0,0,0,0,0,0,"0",2,2,0,0,0,0,1,0,0,133,255,1,0,0.01,0.01,0,0,0,0,"normal"
0,"tcp","private","S0",0,0,"0",0,0,0,0,"0",0,"0","0",0,0,0,0,0,0,"0",247,16,1,1,0,0,0.06,0.05,0,255,16,0.06,0.07,0,0,1,1,0,0,"dos"
0,"tcp","private","S0",0,0,"0",0,0,0,0,"0",0,"0","0",0,0,0,0,0,0,"0",283,10,1,1,0,0,0.04,0.06,0,255,10,0.04,0.06,0,0,1,1,0,0,"dos"
0,"tcp","private","S0",0,0,"0",0,0,0,0,"0",0,"0","0",0,0,0,0,0,0,"0",278,25,1,1,0,0,0.09,0.04,0,255,25,0.1,0.05,0,0,1,1,0,0,"dos"
0,"tcp","private","S0",0,0,"0",0,0,0,0,"0",0,"0","0",0,0,0,0,0,0,"0",189,14,1,1,0,0,0.07,0.06,0,255,14,0.05,0.06,0,0,1,1,0,0,"dos"
0,"tcp","private","S0",0,0,"0",0,0,0,0,"0",0,"0","0",0,0,0,0,0,0,"0",174,25,1,1,0,0,0.14,0.06,0,255,25,0.1,0.05,0,0,1,1,0,0,"dos"
0,"tcp","http","SF",271,451,"0",0,0,0,0,"1",0,"0","0",0,0,0,0,0,0,"0",2,2,0,0,0,0,1,0,0,24,255,1,0,0.04,0.01,0,0,0,0,"normal"
0,"udp","domain_u","SF",44,110,"0",0,0,0,0,"0",0,"0","0",0,0,0,0,0,0,"0",1,1,0,0,0,0,1,0,0,255,246,0.96,0.01,0,0,0,0,0,0,"normal"
0,"tcp","http","SF",317,409,"0",0,0,0,0,"1",0,"0","0",0,0,0,0,0,0,"0",12,12,0,0,0,0,1,0,0,12,255,1,0,0.08,0.02,0,0,0,0,"normal"
2,"tcp","smtp","SF",1089,331,"0",0,0,0,0,"1",0,"0","0",0,0,0,0,0,0,"0",1,1,0,0,0,0,1,0,0,55,170,0.55,0.05,0.02,0.01,0,0,0,0,"normal"
0,"tcp","private","REJ",0,0,"0",0,0,0,0,"0",0,"0","0",0,0,0,0,0,0,"0",205,13,0,0,1,1,0.06,0.06,0,255,13,0.05,0.07,0,0,0,0,1,1,"dos"
0,"tcp","http","SF",296,4414,"0",0,0,0,0,"1",0,"0","0",0,0,0,0,0,0,"0",1,1,0,0,0,0,1,0,0,38,255,1,0,0.03,0.08,0,0.01,0,0,"normal"
20,"tcp","ftp","SF",233,774,"0",0,0,4,0,"1",0,"0","0",0,0,0,0,0,0,"1",1,1,0,0,0,0,1,0,0,255,57,0.22,0.02,0,0,0,0,0,0,"normal"
0,"tcp","private","S0",0,0,"0",0,0,0,0,"0",0,"0","0",0,0,0,0,0,0,"0",234,4,1,1,0,0,0.02,0.06,0,255,4,0.02,0.08,0,0,1,1,0,0,"dos"
0,"tcp","ftp_data","SF",192,0,"0",0,0,0,0,"1",0,"0","0",0,0,0,0,0,0,"0",1,2,0,0,0,0,1,0,1,144,58,0.38,0.03,0.38,0.03,0,0,0,0,"normal"
0,"tcp","private","S0",0,0,"0",0,0,0,0,"0",0,"0","0",0,0,0,0,0,0,"0",104,19,1,1,0,0,0.18,0.05,0,255,19,0.07,0.05,0,0,1,1,0,0,"dos"
2477,"udp","other","SF",147,105,"0",0,0,0,0,"0",0,"0","0",0,0,0,0,0,0,"0",1,1,0,0,0,0,1,0,0,255,2,0.01,0.85,1,0,0,0,0,0,"normal"
0,"tcp","private","REJ",0,0,"0",0,0,0,0,"0",0,"0","0",0,0,0,0,0,0,"0",224,12,0,0,1,1,0.05,0.06,0,255,12,0.05,0.06,0,0,0,0,1,1,"dos"
0,"tcp","private","S0",0,0,"0",0,0,0,0,"0",0,"0","0",0,0,0,0,0,0,"0",115,3,1,1,0,0,0.03,0.07,0,255,4,0.02,0.07,0,0,1,1,0,0,"dos"
2,"tcp","smtp","SF",2166,337,"0",0,0,0,0,"1",0,"0","0",0,0,0,0,0,0,"0",1,2,0,0,0,0,1,0,1,214,166,0.66,0.01,0,0.01,0,0,0,0,"normal"
0,"tcp","private","S0",0,0,"0",0,0,0,0,"0",0,"0","0",0,0,0,0,0,0,"0",77,13,1,1,0,0,0.17,0.06,0,255,7,0.03,0.07,0,0,1,1,0,0,"dos"
0,"tcp","private","S0",0,0,"0",0,0,0,0,"0",0,"0","0",0,0,0,0,0,0,"0",133,1,1,1,0,0,0.01,0.07,0,255,1,0,0.07,0,0,1,1,0,0,"dos"
0,"tcp","http","SF",210,290,"0",0,0,0,0,"1",0,"0","0",0,0,0,0,0,0,"0",25,29,0,0,0,0,1,0,0.14,186,255,1,0,0.01,0.02,0.01,0,0,0,"normal"
0,"tcp","private","REJ",0,0,"0",0,0,0,0,"0",0,"0","0",0,0,0,0,0,0,"0",238,13,0,0,1,1,0.05,0.06,0,255,13,0.05,0.07,0,0,0,0,1,1,"dos"
6,"tcp","smtp","SF",931,329,"0",0,0,0,0,"1",0,"0","0",0,0,0,0,0,0,"0",1,3,0,0,0,0,1,0,1,162,182,0.64,0.03,0.01,0.01,0.01,0.01,0,0,"normal"
0,"tcp","private","S0",0,0,"0",0,0,0,0,"0",0,"0","0",0,0,0,0,0,0,"0",130,14,1,1,0,0,0.11,0.06,0,255,14,0.05,0.07,0,0,1,1,0,0,"dos"
0,"tcp","private","S0",0,0,"0",0,0,0,0,"0",0,"0","0",0,0,0,0,0,0,"0",74,5,1,1,0,0,0.07,0.07,0,255,9,0.04,0.07,0,0,1,1,0,0,"dos"
0,"tcp","private","S0",0,0,"0",0,0,0,0,"0",0,"0","0",0,0,0,0,0,0,"0",269,17,1,1,0,0,0.06,0.06,0,255,17,0.07,0.06,0,0,1,1,0,0,"dos"
0,"tcp","http","SF",337,873,"0",0,0,0,0,"1",0,"0","0",0,0,0,0,0,0,"0",1,1,0,0,0,0,1,0,0,255,255,1,0,0,0,0,0,0,0,"normal"
0,"tcp","ftp_data","SF",334,0,"0",0,0,0,0,"1",0,"0","0",0,0,0,0,0,0,"0",1,1,0,0,0,0,1,0,0,1,25,1,0,1,0.16,0,0,0,0,"r2l"
0,"tcp","http","SF",164,5830,"0",0,0,0,0,"1",0,"0","0",0,0,0,0,0,0,"0",1,1,0,0,0,0,1,0,0,184,255,1,0,0.01,0.03,0.01,0,0,0,"normal"
0,"tcp","http","SF",176,10794,"0",0,0,0,0,"1",0,"0","0",0,0,0,0,0,0,"0",2,3,0,0,0,0,1,0,0.67,10,255,1,0,0.1,0.08,0,0,0,0,"normal"
0,"tcp","smtp","SF",673,329,"0",0,0,0,0,"1",0,"0","0",0,0,0,0,0,0,"0",1,1,0,0,0,0,1,0,0,255,37,0.15,0.42,0,0,0,0,0,0,"normal"
0,"icmp","ecr_i","SF",1480,0,"0",1,0,0,0,"0",0,"0","0",0,0,0,0,0,0,"0",1,1,0,0,0,0,1,0,0,255,3,0.01,0.02,0.01,0,0,0,0,0,"dos"
1,"tcp","ftp","SF",1194,2449,"0",0,0,28,0,"1",0,"0","0",0,0,0,0,0,0,"1",1,1,0,0,0,0,1,0,0,113,11,0.1,0.05,0.01,0,0.02,0,0.07,0,"r2l"
0,"tcp","smtp","SF",1308,336,"0",0,0,0,0,"1",0,"0","0",0,0,0,0,0,0,"0",1,1,0,0,0,0,1,0,0,9,171,0.44,0.22,0.11,0.02,0,0,0,0,"normal"
0,"tcp","http","REJ",0,0,"0",0,0,0,0,"0",0,"0","0",0,0,0,0,0,0,"0",1,1,0,0,1,1,1,0,0,8,65,1,0,0.12,0.38,0,0,1,1,"normal"
0,"tcp","private","S0",0,0,"0",0,0,0,0,"0",0,"0","0",0,0,0,0,0,0,"0",134,10,1,1,0,0,0.07,0.06,0,255,11,0.04,0.07,0,0,1,1,0,0,"dos"
0,"tcp","private","S0",0,0,"0",0,0,0,0,"0",0,"0","0",0,0,0,0,0,0,"0",135,15,1,1,0,0,0.11,0.07,0,255,15,0.06,0.07,0,0,1,1,0,0,"dos"
0,"tcp","http","SF",264,1009,"0",0,0,0,0,"1",0,"0","0",0,0,0,0,0,0,"0",27,27,0,0,0,0,1,0,0,75,255,1,0,0.01,0.02,0,0,0,0,"normal"
0,"tcp","http","SF",355,2005,"0",0,0,0,0,"1",0,"0","0",0,0,0,0,0,0,"0",1,1,0,0,0,0,1,0,0,181,255,1,0,0.01,0.04,0.01,0,0,0,"normal"
0,"tcp","private","S0",0,0,"0",0,0,0,0,"0",0,"0","0",0,0,0,0,0,0,"0",135,13,1,1,0,0,0.1,0.06,0,255,7,0.03,0.07,0,0,1,1,0,0,"dos"
0,"tcp","private","S0",0,0,"0",0,0,0,0,"0",0,"0","0",0,0,0,0,0,0,"0",147,17,1,1,0,0,0.12,0.05,0,255,14,0.05,0.07,0,0,1,1,0,0,"dos"
0,"tcp","http","SF",236,834,"0",0,0,0,0,"1",0,"0","0",0,0,0,0,0,0,"0",14,14,0,0,0,0,1,0,0,14,255,1,0,0.07,0.02,0,0.01,0,0,"normal"
0,"tcp","private","S0",0,0,"0",0,0,0,0,"0",0,"0","0",0,0,0,0,0,0,"0",119,12,1,1,0,0,0.1,0.06,0,255,12,0.05,0.06,0,0,1,1,0,0,"dos"
0,"tcp","http","SF",310,1722,"0",0,0,0,0,"1",0,"0","0",0,0,0,0,0,0,"0",5,18,0,0,0,0,1,0,0.22,255,255,1,0,0,0,0,0,0,0,"normal"
0,"tcp","private","S0",0,0,"0",0,0,0,0,"0",0,"0","0",0,0,0,0,0,0,"0",294,5,1,1,0,0,0.02,0.05,0,255,5,0.02,0.06,0,0,1,1,0,0,"dos"
0,"tcp","smtp","SF",919,361,"0",0,0,0,0,"1",0,"0","0",0,0,0,0,0,0,"0",1,1,0,0,0,0,1,0,0,255,115,0.45,0.08,0,0,0.02,0.02,0,0,"normal"
0,"tcp","http","SF",218,7108,"0",0,0,0,0,"1",0,"0","0",0,0,0,0,0,0,"0",4,5,0,0,0,0,1,0,0.4,63,251,1,0,0.02,0.05,0,0,0.02,0,"normal"
0,"tcp","http","SF",261,10169,"0",0,0,0,0,"1",0,"0","0",0,0,0,0,0,0,"0",21,21,0,0,0,0,1,0,0,21,255,1,0,0.05,0.06,0,0,0,0,"normal"
0,"tcp","private","S0",0,0,"0",0,0,0,0,"0",0,"0","0",0,0,0,0,0,0,"0",261,17,1,1,0,0,0.07,0.05,0,255,17,0.07,0.07,0,0,1,1,0,0,"dos"
0,"tcp","http","SF",250,911,"0",0,0,0,0,"1",0,"0","0",0,0,0,0,0,0,"0",36,37,0,0,0,0,1,0,0.05,208,255,1,0,0,0.02,0,0,0,0,"normal"
0,"udp","domain_u","SF",24,24,"0",0,0,0,0,"0",0,"0","0",0,0,0,0,0,0,"0",3,5,0,0,0,0,1,0,0.6,255,255,1,0,0,0,0,0,0,0,"normal"
0,"tcp","auth","SF",10,35,"0",0,0,0,0,"1",0,"0","0",0,0,0,0,0,0,"0",2,1,0,0,0,0,0.5,1,0,5,10,0.4,0.6,0.2,0.3,0,0,0,0,"normal"
0,"tcp","smtp","SF",1858,329,"0",0,0,0,0,"1",0,"0","0",0,0,0,0,0,0,"0",1,1,0,0,0,0,1,0,0,255,129,0.51,0.05,0,0,0.01,0,0,0,"normal"
0,"tcp","private","S0",0,0,"0",0,0,0,0,"0",0,"0","0",0,0,0,0,0,0,"0",139,18,1,1,0,0,0.13,0.06,0,255,1,0,0.06,0,0,1,1,0,0,"dos"
0,"tcp","http","SF",342,611,"0",0,0,0,0,"1",0,"0","0",0,0,0,0,0,0,"0",21,25,0,0,0,0,1,0,0.12,206,255,1,0,0,0.02,0,0,0,0,"normal"
0,"tcp","http","SF",211,362,"0",0,0,0,0,"1",0,"0","0",0,0,0,0,0,0,"0",6,7,0,0,0,0,1,0,0.29,255,255,1,0,0,0,0,0,0,0,"normal"
2638,"udp","other","SF",145,105,"0",0,0,0,0,"0",0,"0","0",0,0,0,0,0,0,"0",1,1,0,0,0,0,1,0,0,255,1,0,0.87,0.99,0,0,0,0,0,"normal"
