0,CustomerFeedbackCollection,0
0,"tcp","private","S0",0,0,"0",0,0,0,0,"0",0,"0","0",0,0,0,0,0,0,"0",290,14,1,1,0,0,0.05,0.06,0,255,7,0.03,0.07,0,0,1,1,0,0,"dos"
0,"tcp","http","SF",289,3982,"0",0,0,0,0,"1",0,"0","0",0,0,0,0,0,0,"0",7,7,0,0,0,0,1,0,0,18,255,1,0,0.06,0.01,0,0,0,0,"normal"
0,"tcp","http","SF",287,4915,"0",0,0,0,0,"1",0,"0","0",0,0,0,0,0,0,"0",30,30,0,0,0,0,1,0,0,30,255,1,0,0.03,0.04,0,0,0,0,"normal"
0,"tcp","private","S0",0,0,"0",0,0,0,0,"0",0,"0","0",0,0,0,0,0,0,"0",131,8,1,1,0,0,0.06,0.06,0,255,8,0.03,0.07,0,0,1,1,0,0,"dos"
0,"udp","domain_u","SF",46,112,"0",0,0,0,0,"0",0,"0","0",0,0,0,0,0,0,"0",1,1,0,0,0,0,1,0,0,255,249,0.98,0.01,0,0,0,0,0,0,"normal"
0,"tcp","smtp","SF",1280,331,"0",0,0,0,0,"1",0,"0","0",0,0,0,0,0,0,"0",2,1,0,0,0,0,0.5,1,0,124,188,0.71,0.09,0.01,0.01,0.01,0.01,0,0,"normal"
0,"tcp","http","SF",311,5602,"0",0,0,0,0,"1",0,"0","0",0,0,0,0,0,0,"0",6,6,0,0,0,0,1,0,0,42,255,1,0,0.02,0.04,0,0,0,0,"normal"
150,"tcp","telnet","SF",1587,6707,"0",0,0,1,0,"1",3,"0","0",1,1,0,0,0,0,"0",1,1,0,0,0,0,1,0,0,1,1,1,0,1,0,0,0,0,0,"u2r"
0,"tcp","private","S0",0,0,"0",0,0,0,0,"0",0,"0","0",0,0,0,0,0,0,"0",123,13,1,1,0,0,0.11,0.07,0,255,14,0.05,0.07,0,0,1,1,0,0,"dos"
0,"tcp","http","SF",284,810,"0",0,0,0,0,"1",0,"0","0",0,0,0,0,0,0,"0",5,7,0,0,0,0,1,0,0.43,255,255,1,0,0,0,0,0,0,0,"normal"
0,"tcp","private","S0",0,0,"0",0,0,0,0,"0",0,"0","0",0,0,0,0,0,0,"0",137,9,1,1,0,0,0.07,0.05,0,255,9,0.04,0.05,0,0,1,1,0,0,"dos"
0,"tcp","http","SF",255,432,"0",0,0,0,0,"1",0,"0","0",0,0,0,0,0,0,"0",5,15,0,0,0,0,1,0,0.13,90,255,1,0,0.01,0.01,0,0,0,0,"normal"
0,"tcp","smtp","SF",1393,333,"0",0,0,0,0,"1",0,"0","0",0,0,0,0,0,0,"0",1,1,0,0,0,0,1,0,0,184,161,0.66,0.03,0.01,0.01,0,0.01,0,0,"normal"
0,"tcp","private","S0",0,0,"0",0,0,0,0,"0",0,"0","0",0,0,0,0,0,0,"0",214,8,1,1,0,0,0.04,0.07,0,255,8,0.03,0.07,0,0,1,1,0,0,"dos"
4691,"udp","other","SF",146,105,"0",0,0,0,0,"0",0,"0","0",0,0,0,0,0,0,"0",2,2,0,0,0,0,1,0,0,255,2,0.01,0.53,0.85,0,0,0,0,0,"normal"
0,"tcp","http","REJ",0,0,"0",0,0,0,0,"0",0,"0","0",0,0,0,0,0,0,"0",1,2,0,0,1,1,1,0,1,4,85,1,0,0.25,0.34,0,0,1,1,"normal"
0,"udp","domain_u","SF",44,130,"0",0,0,0,0,"0",0,"0","0",0,0,0,0,0,0,"0",109,175,0,0,0,0,1,0,0.01,255,255,1,0,0,0,0,0,0,0,"normal"
0,"tcp","http","REJ",0,0,"0",0,0,0,0,"0",0,"0","0",0,0,0,0,0,0,"0",1,1,0,0,1,1,1,0,0,27,255,1,0,0.04,0.18,0,0,0.81,0.97,"normal"
1,"tcp","smtp","SF",952,338,"0",0,0,0,0,"1",0,"0","0",0,0,0,0,0,0,"0",1,2,0,0,0,0,1,0,1,253,117,0.45,0.11,0,0.02,0.01,0,0,0,"normal"
0,"tcp","http","REJ",0,0,"0",0,0,0,0,"0",0,"0","0",0,0,0,0,0,0,"0",1,1,0,0,1,1,1,0,0,7,89,1,0,0.14,0.03,0,0,1,1,"normal"
0,"tcp","http","SF",353,346,"0",0,0,0,0,"1",0,"0","0",0,0,0,0,0,0,"0",2,2,0,0,0,0,1,0,0,42,255,1,0,0.02,0.02,0,0,0,0,"normal"
0,"tcp","http","SF",208,751,"0",0,0,0,0,"1",0,"0","0",0,0,0,0,0,0,"0",4,11,0,0,0,0,1,0,0.18,141,255,1,0,0.01,0.03,0,0,0,0,"normal"
0,"tcp","http","SF",214,1701,"0",0,0,0,0,"1",0,"0","0",0,0,0,0,0,0,"0",14,14,0,0,0,0,1,0,0,80,255,1,0,0.01,0.03,0,0,0,0,"normal"
0,"tcp","http","SF",314,4004,"0",0,0,0,0,"1",0,"0","0",0,0,0,0,0,0,"0",3,3,0,0,0,0,1,0,0,3,255,1,0,0.33,0.09,0,0,0,0,"normal"
0,"tcp","private","S0",0,0,"0",0,0,0,0,"0",0,"0","0",0,0,0,0,0,0,"0",251,9,1,1,0,0,0.04,0.06,0,255,2,0.01,0.07,0,0,1,1,0,0,"dos"
0,"tcp","http","REJ",0,0,"0",0,0,0,0,"0",0,"0","0",0,0,0,0,0,0,"0",1,1,0,0,1,1,1,0,0,9,255,1,0,0.11,0.25,0,0,1,1,"normal"
0,"tcp","private","REJ",0,0,"0",0,0,0,0,"0",0,"0","0",0,0,0,0,0,0,"0",93,15,0,0,1,1,0.16,0.06,0,255,11,0.04,0.07,0,0,0,0,1,1,"dos"
0,"tcp","http","SF",159,13353,"0",0,0,0,0,"1",0,"0","0",0,0,0,0,0,0,"0",3,3,0,0,0,0,1,0,0,10,255,1,0,0.1,0.02,0,0,0,0,"normal"
0,"tcp","private","S0",0,0,"0",0,0,0,0,"0",0,"0","0",0,0,0,0,0,0,"0",249,24,1,1,0,0,0.1,0.05,0,255,24,0.09,0.05,0,0,1,1,0,0,"dos"
0,"tcp","http","SF",196,924,"0",0,0,0,0,"1",0,"0","0",0,0,0,0,0,0,"0",5,15,0,0,0,0,1,0,0.13,5,255,1,0,0.2,0.04,0,0,0,0,"normal"
0,"tcp","private","REJ",0,0,"0",0,0,0,0,"0",0,"0","0",0,0,0,0,0,0,"0",225,14,0,0,1,1,0.06,0.06,0,255,14,0.05,0.06,0,0,0,0,1,1,"dos"
0,"tcp","http","SF",349,4540,"0",0,0,0,0,"1",0,"0","0",0,0,0,0,0,0,"0",16,16,0,0,0,0,1,0,0,113,255,1,0,0.01,0.02,0,0,0,0,"normal"
0,"tcp","http","SF",236,3271,"0",0,0,0,0,"1",0,"0","0",0,0,0,0,0,0,"0",25,26,0,0,0,0,1,0,0.08,255,255,1,0,0,0,0,0,0,0,"normal"
0,"tcp","private","S0",0,0,"0",0,0,0,0,"0",0,"0","0",0,0,0,0,0,0,"0",279,6,1,1,0,0,0.02,0.06,0,255,13,0.05,0.07,0,0,1,1,0,0,"dos"
0,"tcp","http","SF",290,269,"0",0,0,0,0,"1",0,"0","0",0,0,0,0,0,0,"0",39,50,0,0,0,0,1,0,0.08,255,255,1,0,0,0,0,0,0,0,"normal"
0,"tcp","other","REJ",0,0,"0",0,0,0,0,"0",0,"0","0",0,0,0,0,0,0,"0",429,1,0.08,0,0.91,1,0,1,0,255,1,0,1,0,0,0.07,0,0.93,1,"probe"
0,"tcp","http","SF",208,755,"0",0,0,0,0,"1",0,"0","0",0,0,0,0,0,0,"0",1,6,0,0,0,0,1,0,0.33,66,255,1,0,0.02,0.04,0,0,0,0,"normal"
0,"tcp","http","SF",199,6529,"0",0,0,0,0,"1",0,"0","0",0,0,0,0,0,0,"0",30,30,0,0,0,0,1,0,0,255,255,1,0,0,0,0,0,0,0,"normal"
0,"tcp","http","SF",309,4777,"0",0,0,0,0,"1",0,"0","0",0,0,0,0,0,0,"0",11,11,0,0,0,0,1,0,0,255,255,1,0,0,0,0,0,0,0,"normal"
0,"tcp","http","SF",294,1247,"0",0,0,0,0,"1",0,"0","0",0,0,0,0,0,0,"0",2,20,0,0,0,0,1,0,0.1,255,255,1,0,0,0,0,0,0,0,"normal"
0,"tcp","http","SF",293,920,"0",0,0,0,0,"1",0,"0","0",0,0,0,0,0,0,"0",6,6,0,0,0,0,1,0,0,9,255,1,0,0.11,0.01,0,0,0,0,"normal"
4326,"udp","other","SF",147,105,"0",0,0,0,0,"0",0,"0","0",0,0,0,0,0,0,"0",1,1,0,0,0,0,1,0,0,255,1,0,0.69,0.97,0,0,0,0,0,"normal"
0,"tcp","http","REJ",0,0,"0",0,0,0,0,"0",0,"0","0",0,0,0,0,0,0,"0",1,1,0,0,1,1,1,0,0,21,6,0.29,0.24,0.05,0,0.05,0,0.29,1,"normal"
0,"tcp","ftp_data","S0",0,0,"0",0,0,0,0,"0",0,"0","0",0,0,0,0,0,0,"0",28,2,1,1,0,0,0.07,0.14,0,255,42,0.16,0.03,0,0,1,1,0,0,"dos"
4,"tcp","ftp_data","SF",832,0,"0",0,0,0,0,"1",0,"0","0",0,0,0,0,0,0,"0",1,1,0,0,0,0,1,0,0,3,30,1,0,1,0.13,0,0,0,0,"r2l"
0,"udp","domain_u","SF",45,130,"0",0,0,0,0,"0",0,"0","0",0,0,0,0,0,0,"0",23,104,0,0,0,0,1,0,0.02,157,109,0.69,0.02,0.01,0,0,0,0,0,"normal"
0,"tcp","gopher","S0",0,0,"0",0,0,0,0,"0",0,"0","0",0,0,0,0,0,0,"0",291,16,1,1,0,0,0.05,0.05,0,255,16,0.06,0.06,0,0,1,1,0,0,"dos"
0,"tcp","http","SF",212,3453,"0",0,0,0,0,"1",0,"0","0",0,0,0,0,0,0,"0",8,36,0,0,0,0,1,0,0.11,31,255,1,0,0.03,0.04,0,0,0,0,"normal"
0,"tcp","private","S0",0,0,"0",0,0,0,0,"0",0,"0","0",0,0,0,0,0,0,"0",178,3,1,1,0,0,0.02,0.07,0,255,3,0.01,0.07,0,0,1,1,0,0,"dos"
0,"tcp","http","SF",215,588,"0",0,0,0,0,"1",0,"0","0",0,0,0,0,0,0,"0",13,13,0,0,0,0,1,0,0,237,255,1,0,0,0.01,0,0,0,0,"normal"
0,"tcp","http","REJ",0,0,"0",0,0,0,0,"0",0,"0","0",0,0,0,0,0,0,"0",1,1,0,0,1,1,1,0,0,143,255,1,0,0.01,0.05,0,0,0.64,0.62,"normal"
0,"tcp","http","SF",320,1843,"0",0,0,0,0,"1",0,"0","0",0,0,0,0,0,0,"0",10,11,0,0,0,0,1,0,0.18,33,255,1,0,0.03,0.04,0,0,0,0,"normal"
0,"tcp","private","S0",0,0,"0",0,0,0,0,"0",0,"0","0",0,0,0,0,0,0,"0",114,7,1,1,0,0,0.06,0.06,0,255,15,0.06,0.07,0,0,1,1,0,0,"dos"
0,"tcp","private","S0",0,0,"0",0,0,0,0,"0",0,"0","0",0,0,0,0,0,0,"0",293,4,1,1,0,0,0.01,0.05,0,255,4,0.02,0.05,0,0,1,1,0,0,"dos"
0,"tcp","http","SF",214,1337,"0",0,0,0,0,"1",0,"0","0",0,0,0,0,0,0,"0",35,35,0.03,0.03,0,0,1,0,0,96,255,1,0,0.01,0.02,0.01,0,0,0,"normal"
0,"tcp","ftp_data","SF",6062,0,"0",0,0,0,0,"1",0,"0","0",0,0,0,0,0,0,"0",11,11,0,0,0,0,1,0,0,176,38,0.22,0.03,0.22,0,0,0,0,0,"normal"
0,"tcp","finger","SF",9,224,"0",0,0,0,0,"0",0,"0","0",0,0,0,0,0,0,"0",2,1,0,0,0,0,0.5,1,0,233,9,0.04,0.03,0,0,0,0,0,0,"normal"
0,"tcp","private","S0",0,0,"0",0,0,0,0,"0",0,"0","0",0,0,0,0,0,0,"0",143,24,1,1,0,0,0.17,0.05,0,255,24,0.09,0.05,0,0,1,1,0,0,"dos"
0,"tcp","http","SF",237,521,"0",0,0,0,0,"1",0,"0","0",0,0,0,0,0,0,"0",17,20,0,0,0,0,1,0,0.2,255,255,1,0,0,0,0,0,0,0,"normal"
0,"tcp","http","SF",239,6295,"0",0,0,0,0,"1",0,"0","0",0,0,0,0,0,0,"0",6,6,0,0,0,0,1,0,0,107,255,1,0,0.01,0.02,0,0,0.01,0,"normal"
0,"tcp","private","S0",0,0,"0",0,0,0,0,"0",0,"0","0",0,0,0,0,0,0,"0",297,20,1,1,0,0,0.07,0.06,0,255,20,0.08,0.08,0,0,1,1,0,0,"dos"
0,"tcp","http","SF",166,211,"0",0,0,0,0,"1",0,"0","0",0,0,0,0,0,0,"0",7,7,0,0,0,0,1,0,0,58,255,1,0,0.02,0.06,0,0,0,0,"normal"
0,"tcp","private","S0",0,0,"0",0,0,0,0,"0",0,"0","0",0,0,0,0,0,0,"0",146,14,1,1,0,0,0.1,0.08,0,255,14,0.05,0.08,0,0,1,1,0,0,"dos"
0,"tcp","http","SF",225,453,"0",0,0,0,0,"1",0,"0","0",0,0,0,0,0,0,"0",14,14,0,0,0,0,1,0,0,255,255,1,0,0,0,0,0,0,0,"normal"
0,"tcp","http","SF",205,2274,"0",0,0,0,0,"1",0,"0","0",0,0,0,0,0,0,"0",8,8,0,0,0,0,1,0,0,8,255,1,0,0.12,0.02,0,0,0,0,"normal"
0,"tcp","http","SF",224,1208,"0",0,0,0,0,"1",0,"0","0",0,0,0,0,0,0,"0",2,11,0,0,0,0,1,0,0.18,44,53,1,0,0.02,0.09,0,0,0.02,0.02,"normal"
0,"tcp","http","SF",253,1991,"0",0,0,0,0,"1",0,"0","0",0,0,0,0,0,0,"0",1,1,0,0,0,0,1,0,0,255,247,0.97,0.01,0,0,0,0,0,0,"normal"
0,"tcp","private","S0",0,0,"0",0,0,0,0,"0",0,"0","0",0,0,0,0,0,0,"0",216,12,1,1,0,0,0.06,0.05,0,255,12,0.05,0.05,0,0,1,1,0,0,"dos"
0,"tcp","private","S0",0,0,"0",0,0,0,0,"0",0,"0","0",0,0,0,0,0,0,"0",240,4,1,1,0,0,0.02,0.06,0,255,5,0.02,0.09,0,0,1,1,0,0,"dos"
0,"tcp","smtp","SF",1008,330,"0",0,0,0,0,"1",0,"0","0",0,0,0,0,0,0,"0",1,1,0,0,0,0,1,0,0,9,145,1,0,0.11,0.02,0,0,0,0,"normal"
0,"tcp","http","SF",215,1473,"0",0,0,0,0,"1",0,"0","0",0,0,0,0,0,0,"0",4,4,0,0,0,0,1,0,0,4,255,1,0,0.25,0.04,0,0,0,0,"normal"
0,"tcp","private","S0",0,0,"0",0,0,0,0,"0",0,"0","0",0,0,0,0,0,0,"0",227,7,1,1,0,0,0.03,0.06,0,255,7,0.03,0.08,0,0,1,1,0,0,"dos"
0,"tcp","http","SF",160,35505,"0",0,0,0,0,"1",0,"0","0",0,0,0,0,0,0,"0",1,1,0,0,0,0,1,0,0,17,255,1,0,0.06,0.01,0,0,0,0,"normal"
0,"tcp","private","S0",0,0,"0",0,0,0,0,"0",0,"0","0",0,0,0,0,0,0,"0",108,2,1,1,0,0,0.02,0.06,0,255,3,0.01,0.05,0,0,1,1,0,0,"dos"
0,"tcp","http","SF",326,414,"0",0,0,0,0,"1",0,"0","0",0,0,0,0,0,0,"0",15,16,0,0,0,0,1,0,0.12,54,255,1,0,0.02,0.04,0,0,0,0,"normal"
0,"tcp","http","SF",216,2073,"0",0,0,0,0,"1",0,"0","0",0,0,0,0,0,0,"0",30,30,0,0,0,0,1,0,0,255,255,1,0,0,0,0,0,0,0,"normal"
0,"tcp","http","SF",273,1831,"0",0,0,0,0,"1",0,"0","0",0,0,0,0,0,0,"0",10,10,0,0,0,0,1,0,0,255,255,1,0,0,0,0,0,0,0,"normal"
0,"icmp","eco_i","SF",18,0,"0",0,0,0,0,"0",0,"0","0",0,0,0,0,0,0,"0",1,1,0,0,0,0,1,0,0,2,198,1,0,1,0.25,0,0,0,0,"probe"
0,"tcp","private","REJ",0,0,"0",0,0,0,0,"0",0,"0","0",0,0,0,0,0,0,"0",193,12,0,0,1,1,0.06,0.07,0,255,12,0.05,0.07,0,0,0,0,1,1,"dos"
0,"tcp","http","SF",349,1640,"0",0,0,0,0,"1",0,"0","0",0,0,0,0,0,0,"0",1,1,0,0,0,0,1,0,0,255,255,1,0,0,0,0,0,0,0,"normal"
0,"tcp","http","SF",371,487,"0",0,0,0,0,"1",0,"0","0",0,0,0,0,0,0,"0",29,33,0,0,0,0,1,0,0.12,255,255,1,0,0,0,0,0,0,0,"normal"
0,"tcp","http","SF",205,1298,"0",0,0,0,0,"1",0,"0","0",0,0,0,0,0,0,"0",4,4,0,0,0,0,1,0,0,4,255,1,0,0.25,0.09,0,0,0,0,"normal"
0,"tcp","private","S0",0,0,"0",0,0,0,0,"0",0,"0","0",0,0,0,0,0,0,"0",126,17,1,1,0,0,0.13,0.06,0,255,17,0.07,0.06,0,0,1,1,0,0,"dos"
0,"tcp","http","SF",326,1511,"0",0,0,0,0,"1",0,"0","0",0,0,0,0,0,0,"0",8,8,0,0,0,0,1,0,0,255,255,1,0,0,0,0,0,0,0,"normal"
0,"udp","other","SF",147,0,"0",0,0,0,0,"0",0,"0","0",0,0,0,0,0,0,"0",3,1,0,0,0,0,0.33,0.67,0,255,1,0,0.67,0.98,0,0,0,0,0,"normal"
0,"tcp","http","SF",210,1997,"0",0,0,0,0,"1",0,"0","0",0,0,0,0,0,0,"0",2,8,0,0,0,0,1,0,0.5,12,255,1,0,0.08,0.05,0,0,0,0,"normal"
0,"tcp","private","S0",0,0,"0",0,0,0,0,"0",0,"0","0",0,0,0,0,0,0,"0",7,1,1,1,0,0,0.14,0.57,0,255,1,0,0.09,0,0,1,1,0,0,"dos"
0,"tcp","private","S0",0,0,"0",0,0,0,0,"0",0,"0","0",0,0,0,0,0,0,"0",279,17,1,1,0,0,0.06,0.06,0,255,17,0.07,0.07,0,0,1,1,0,0,"dos"
0,"tcp","http","SF",223,3035,"0",0,0,0,0,"1",0,"0","0",0,0,0,0,0,0,"0",19,36,0,0,0,0,1,0,0.08,255,255,1,0,0,0,0,0,0,0,"normal"
0,"tcp","private","S0",0,0,"0",0,0,0,0,"0",0,"0","0",0,0,0,0,0,0,"0",262,2,1,1,0,0,0.01,0.06,0,255,4,0.02,0.07,0,0,1,1,0,0,"dos"
0,"tcp","http","SF",200,483,"0",0,0,0,0,"1",0,"0","0",0,0,0,0,0,0,"0",12,14,0,0,0,0,1,0,0.21,255,255,1,0,0,0,0,0,0,0,"normal"
0,"tcp","private","S0",0,0,"0",0,0,0,0,"0",0,"0","0",0,0,0,0,0,0,"0",206,4,1,1,0,0,0.02,0.07,0,255,5,0.02,0.08,0,0,1,1,0,0,"dos"
0,"tcp","private","S0",0,0,"0",0,0,0,0,"0",0,"0","0",0,0,0,0,0,0,"0",99,22,1,1,0,0,0.22,0.05,0,255,22,0.09,0.05,0,0,1,1,0,0,"dos"
0,"tcp","private","S0",0,0,"0",0,0,0,0,"0",0,"0","0",0,0,0,0,0,0,"0",119,16,1,1,0,0,0.13,0.06,0,255,16,0.06,0.06,0,0,1,1,0,0,"dos"
27,"tcp","ftp","SF",1510,4152,"0",0,0,30,0,"1",0,"0","0",0,0,0,0,0,0,"1",1,1,0,0,0,0,1,0,0,68,22,0.32,0.07,0.01,0,0,0,0,0,"normal"
0,"tcp","http","SF",338,3110,"0",0,0,0,0,"1",0,"0","0",0,0,0,0,0,0,"0",23,30,0,0,0,0,1,0,0.07,84,255,1,0,0.01,0.01,0,0,0,0,"normal"
0,"tcp","private","S0",0,0,"0",0,0,0,0,"0",0,"0","0",0,0,0,0,0,0,"0",254,7,1,1,0,0,0.03,0.06,0,255,7,0.03,0.07,0,0,1,1,0,0,"dos"
0,"tcp","http","SF",219,2674,"0",0,0,0,0,"1",0,"0","0",0,0,0,0,0,0,"0",13,13,0,0,0,0,1,0,0,255,255,1,0,0,0,0,0,0,0,"normal"
0,"tcp","private","S0",0,0,"0",0,0,0,0,"0",0,"0","0",0,0,0,0,0,0,"0",177,19,1,1,0,0,0.11,0.06,0,255,19,0.07,0.06,0,0,1,1,0,0,"dos"
0,"tcp","private","S0",0,0,"0",0,0,0,0,"0",0,"0","0",0,0,0,0,0,0,"0",235,3,1,1,0,0,0.01,0.06,0,255,2,0.01,0.07,0,0,1,1,0,0,"dos"
