2,hello,0
3048,"udp","other","SF",146,105,"0",0,0,0,0,"0",0,"0","0",0,0,0,0,0,0,"0",1,1,0,0,0,0,1,0,0,255,2,0.01,0.49,0.75,0,0,0,0,0,"normal"
0,"tcp","rje","S0",0,0,"0",0,0,0,0,"0",0,"0","0",0,0,0,0,0,0,"0",130,15,1,1,0,0,0.12,0.06,0,255,15,0.06,0.06,0,0,1,1,0,0,"dos"
0,"tcp","http","SF",186,1266,"0",0,0,0,0,"1",0,"0","0",0,0,0,0,0,0,"0",8,20,0,0.05,0,0,1,0,0.15,194,255,1,0,0.01,0.02,0,0,0,0,"normal"
0,"tcp","ftp_data","SF",59,0,"0",0,0,0,0,"0",0,"0","0",0,0,0,0,0,0,"0",7,7,0,0,0,0,1,0,0,255,62,0.24,0.02,0.24,0,0.37,0,0,0,"normal"
0,"tcp","private","S0",0,0,"0",0,0,0,0,"0",0,"0","0",0,0,0,0,0,0,"0",279,1,1,1,0,0,0,0.06,0,255,1,0,0.07,0,0,1,1,0,0,"dos"
0,"tcp","private","S0",0,0,"0",0,0,0,0,"0",0,"0","0",0,0,0,0,0,0,"0",254,20,1,1,0,0,0.08,0.06,0,255,20,0.08,0.06,0,0,1,1,0,0,"dos"
0,"tcp","http","SF",372,397,"0",0,0,0,0,"1",0,"0","0",0,0,0,0,0,0,"0",1,1,0,0,0,0,1,0,0,255,255,1,0,0,0,0,0,0,0,"normal"
0,"tcp","http","SF",255,1045,"0",0,0,0,0,"1",0,"0","0",0,0,0,0,0,0,"0",9,9,0,0,0,0,1,0,0,19,255,1,0,0.05,0.02,0,0,0,0,"normal"
0,"udp","domain_u","SF",42,108,"0",0,0,0,0,"0",0,"0","0",0,0,0,0,0,0,"0",1,1,0,0,0,0,1,0,0,2,236,1,0,1,0.01,0,0,0,0,"normal"
0,"tcp","http","SF",214,805,"0",0,0,0,0,"1",0,"0","0",0,0,0,0,0,0,"0",27,27,0,0,0,0,1,0,0,255,255,1,0,0,0,0,0,0,0,"normal"
0,"tcp","private","S0",0,0,"0",0,0,0,0,"0",0,"0","0",0,0,0,0,0,0,"0",106,10,1,1,0,0,0.09,0.06,0,255,6,0.02,0.07,0,0,1,1,0,0,"dos"
0,"tcp","http","SF",380,370,"0",0,0,0,0,"1",0,"0","0",0,0,0,0,0,0,"0",4,4,0,0,0,0,1,0,0,255,255,1,0,0,0,0,0,0,0,"normal"
0,"udp","domain_u","SF",46,46,"0",0,0,0,0,"0",0,"0","0",0,0,0,0,0,0,"0",9,13,0,0,0,0,1,0,0.15,255,255,1,0,0.01,0,0,0,0,0,"normal"
0,"tcp","http","SF",177,24154,"0",0,0,0,0,"1",0,"0","0",0,0,0,0,0,0,"0",5,5,0,0,0,0,1,0,0,255,255,1,0,0,0,0,0,0,0,"normal"
0,"tcp","http","SF",220,1109,"0",0,0,0,0,"1",0,"0","0",0,0,0,0,0,0,"0",4,7,0,0,0,0,1,0,0.43,46,255,1,0,0.02,0.02,0,0,0,0,"normal"
0,"tcp","http","SF",226,312,"0",0,0,0,0,"1",0,"0","0",0,0,0,0,0,0,"0",48,53,0,0,0,0,1,0,0.04,255,255,1,0,0,0,0,0,0,0,"normal"
22,"tcp","ftp","SF",235,774,"0",0,0,4,0,"1",0,"0","0",0,0,0,0,0,0,"1",2,1,0,0,0,0,0.5,1,0,2,1,0.5,1,0.5,0,0,0,0,0,"normal"
0,"tcp","http","SF",226,1951,"0",0,0,0,0,"1",0,"0","0",0,0,0,0,0,0,"0",9,10,0,0,0,0,1,0,0.2,41,255,1,0,0.02,0.04,0,0,0,0,"normal"
0,"tcp","smtp","SF",887,335,"0",0,0,0,0,"1",0,"0","0",0,0,0,0,0,0,"0",1,1,0,0,0,0,1,0,0,98,195,0.67,0.04,0.01,0.01,0,0,0,0,"normal"
0,"tcp","private","S0",0,0,"0",0,0,0,0,"0",0,"0","0",0,0,0,0,0,0,"0",273,15,1,1,0,0,0.05,0.06,0,255,14,0.05,0.08,0,0,1,1,0,0,"dos"
0,"tcp","http","REJ",0,0,"0",0,0,0,0,"0",0,"0","0",0,0,0,0,0,0,"0",1,1,0,0,1,1,1,0,0,14,255,1,0,0.07,0.16,0,0,1,0.89,"normal"
0,"udp","domain_u","SF",36,0,"0",0,0,0,0,"0",0,"0","0",0,0,0,0,0,0,"0",5,6,0,0,0,0,1,0,0.33,44,227,1,0,1,0.01,0,0,0,0,"normal"
0,"udp","domain_u","SF",45,114,"0",0,0,0,0,"0",0,"0","0",0,0,0,0,0,0,"0",7,22,0,0,0,0,1,0,0.14,42,40,0.95,0.05,0.02,0,0,0,0,0,"normal"
0,"udp","domain_u","SF",45,134,"0",0,0,0,0,"0",0,"0","0",0,0,0,0,0,0,"0",20,40,0,0,0,0,1,0,0.05,255,255,1,0,0,0,0,0,0,0,"normal"
0,"tcp","private","S0",0,0,"0",0,0,0,0,"0",0,"0","0",0,0,0,0,0,0,"0",7,3,1,1,0,0,0.43,0.57,0,255,4,0.02,0.09,0,0,1,1,0,0,"dos"
0,"tcp","private","S0",0,0,"0",0,0,0,0,"0",0,"0","0",0,0,0,0,0,0,"0",98,1,1,1,0,0,0.01,0.06,0,255,2,0.01,0.07,0,0,1,1,0,0,"dos"
0,"tcp","http","SF",210,591,"0",0,0,0,0,"1",0,"0","0",0,0,0,0,0,0,"0",15,19,0,0,0,0,1,0,0.21,255,255,1,0,0,0,0,0,0,0,"normal"
0,"tcp","private","S0",0,0,"0",0,0,0,0,"0",0,"0","0",0,0,0,0,0,0,"0",234,25,1,1,0,0,0.11,0.06,0,255,25,0.1,0.07,0,0,1,1,0,0,"dos"
3744,"udp","other","SF",147,105,"0",0,0,0,0,"0",0,"0","0",0,0,0,0,0,0,"0",1,1,0,0,0,0,1,0,0,255,1,0,0.8,1,0,0,0,0,0,"normal"
0,"icmp","eco_i","SF",64,0,"0",0,0,0,0,"0",0,"0","0",0,0,0,0,0,0,"0",1,1,0,0,0,0,1,0,0,117,1,0.01,0.05,0.01,0,0,0,0,0,"normal"
0,"tcp","ftp_data","SF",1556,0,"0",0,0,0,0,"1",0,"0","0",0,0,0,0,0,0,"0",6,6,0,0,0,0,1,0,0,67,18,0.27,0.06,0.27,0,0,0,0,0,"normal"
0,"tcp","private","S0",0,0,"0",0,0,0,0,"0",0,"0","0",0,0,0,0,0,0,"0",271,13,1,1,0,0,0.05,0.06,0,255,13,0.05,0.09,0,0,1,1,0,0,"dos"
319,"udp","other","SF",146,105,"0",0,0,0,0,"0",0,"0","0",0,0,0,0,0,0,"0",2,2,0,0,0,0,1,0,0,255,2,0.01,0.87,0.98,0,0,0,0,0,"normal"
0,"tcp","private","S0",0,0,"0",0,0,0,0,"0",0,"0","0",0,0,0,0,0,0,"0",124,5,1,1,0,0,0.04,0.06,0,255,11,0.04,0.08,0,0,1,1,0,0,"dos"
0,"tcp","http","SF",255,3339,"0",0,0,0,0,"1",0,"0","0",0,0,0,0,0,0,"0",1,4,0,0,0,0,1,0,0.75,1,255,1,0,1,0.03,0,0,0,0,"normal"
0,"tcp","private","S0",0,0,"0",0,0,0,0,"0",0,"0","0",0,0,0,0,0,0,"0",200,10,1,1,0,0,0.05,0.05,0,255,10,0.04,0.06,0,0,1,1,0,0,"dos"
0,"tcp","http","SF",227,294,"0",0,0,0,0,"1",0,"0","0",0,0,0,0,0,0,"0",9,9,0,0,0,0,1,0,0,255,255,1,0,0,0,0,0,0,0,"normal"
0,"tcp","private","REJ",0,0,"0",0,0,0,0,"0",0,"0","0",0,0,0,0,0,0,"0",113,14,0,0,1,1,0.12,0.05,0,255,14,0.05,0.08,0,0,0,0,1,1,"dos"
0,"tcp","http","SF",258,602,"0",0,0,0,0,"1",0,"0","0",0,0,0,0,0,0,"0",32,32,0,0,0,0,1,0,0,255,255,1,0,0,0,0,0,0,0,"normal"
0,"tcp","remote_job","REJ",0,0,"0",0,0,0,0,"0",0,"0","0",0,0,0,0,0,0,"0",263,6,0,0,1,1,0.02,0.06,0,255,6,0.02,0.07,0,0,0,0,1,1,"dos"
0,"tcp","http","SF",226,875,"0",0,0,0,0,"1",0,"0","0",0,0,0,0,0,0,"0",3,3,0,0,0,0,1,0,0,255,255,1,0,0,0,0.01,0.01,0,0,"normal"
0,"tcp","smtp","SF",843,329,"0",0,0,0,0,"1",0,"0","0",0,0,0,0,0,0,"0",1,1,0,0,0,0,1,0,0,174,121,0.55,0.02,0.01,0.02,0,0,0,0,"normal"
0,"tcp","private","S0",0,0,"0",0,0,0,0,"0",0,"0","0",0,0,0,0,0,0,"0",252,9,1,1,0,0,0.04,0.06,0,255,9,0.04,0.06,0,0,1,1,0,0,"dos"
0,"tcp","http","SF",227,391,"0",0,0,0,0,"1",0,"0","0",0,0,0,0,0,0,"0",39,45,0,0,0,0,1,0,0.07,255,255,1,0,0,0,0,0,0,0,"normal"
0,"tcp","http","SF",356,4073,"0",0,0,0,0,"1",0,"0","0",0,0,0,0,0,0,"0",3,3,0,0,0,0,1,0,0,255,255,1,0,0,0,0,0,0,0,"normal"
0,"tcp","http","SF",233,2350,"0",0,0,0,0,"1",0,"0","0",0,0,0,0,0,0,"0",1,1,0,0,0,0,1,0,0,234,255,1,0,0,0.01,0,0,0,0,"normal"
0,"tcp","http","SF",233,821,"0",0,0,0,0,"1",0,"0","0",0,0,0,0,0,0,"0",14,14,0,0,0,0,1,0,0,46,255,1,0,0.02,0.02,0,0,0,0,"normal"
0,"tcp","private","REJ",0,0,"0",0,0,0,0,"0",0,"0","0",0,0,0,0,0,0,"0",266,12,0,0,1,1,0.05,0.06,0,255,12,0.05,0.08,0,0,0,0,1,1,"dos"
0,"tcp","http","SF",252,124,"0",0,0,0,0,"1",0,"0","0",0,0,0,0,0,0,"0",2,4,0,0,0,0,1,0,0.5,38,255,1,0,0.03,0.04,0,0,0,0.02,"normal"
1,"tcp","ftp","SF",1235,2449,"0",0,0,28,0,"1",0,"0","0",0,0,0,0,0,0,"1",1,1,0,0,0,0,1,0,0,255,40,0.16,0.02,0,0,0.06,0,0,0,"r2l"
0,"tcp","finger","SF",6,138,"0",0,0,0,0,"0",0,"0","0",0,0,0,0,0,0,"0",1,1,0,0,0,0,1,0,0,197,10,0.05,0.02,0.01,0,0,0,0,0,"normal"
4173,"udp","other","SF",146,105,"0",0,0,0,0,"0",0,"0","0",0,0,0,0,0,0,"0",1,1,0,0,0,0,1,0,0,255,1,0,0.71,0.96,0,0,0,0,0,"normal"
0,"tcp","http","SF",307,839,"0",0,0,0,0,"1",0,"0","0",0,0,0,0,0,0,"0",16,16,0,0,0,0,1,0,0,255,255,1,0,0,0,0,0,0,0,"normal"
862,"udp","other","SF",146,105,"0",0,0,0,0,"0",0,"0","0",0,0,0,0,0,0,"0",2,2,0,0,0,0,1,0,0,255,2,0.01,0.41,0.73,0,0,0,0,0,"normal"
0,"tcp","private","S0",0,0,"0",0,0,0,0,"0",0,"0","0",0,0,0,0,0,0,"0",124,11,1,1,0,0,0.09,0.06,0,255,11,0.04,0.05,0,0,1,1,0,0,"dos"
0,"udp","ntp_u","SF",48,48,"0",0,0,0,0,"0",0,"0","0",0,0,0,0,0,0,"0",1,1,0,0,0,0,1,0,0,255,1,0,0.01,0,0,0,0,0,0,"normal"
0,"tcp","private","S0",0,0,"0",0,0,0,0,"0",0,"0","0",0,0,0,0,0,0,"0",126,5,1,1,0,0,0.04,0.06,0,139,16,0.12,0.11,0.01,0,1,1,0,0,"dos"
0,"tcp","private","S0",0,0,"0",0,0,0,0,"0",0,"0","0",0,0,0,0,0,0,"0",119,3,1,1,0,0,0.03,0.07,0,255,3,0.01,0.07,0,0,1,1,0,0,"dos"
0,"udp","private","SF",105,146,"0",0,0,0,0,"0",0,"0","0",0,0,0,0,0,0,"0",2,2,0,0,0,0,1,0,0,255,245,0.96,0.01,0.01,0,0,0,0,0,"normal"
0,"tcp","http","SF",218,2712,"0",0,0,0,0,"1",0,"0","0",0,0,0,0,0,0,"0",4,4,0,0,0,0,1,0,0,4,255,1,0,0.25,0.1,0,0,0,0,"normal"
0,"tcp","http","SF",234,608,"0",0,0,0,0,"1",0,"0","0",0,0,0,0,0,0,"0",14,14,0,0,0,0,1,0,0,225,255,1,0,0,0.02,0,0,0,0,"normal"
0,"tcp","ftp_data","SF",175337,0,"0",0,0,0,0,"1",0,"0","0",0,0,0,0,0,0,"0",2,3,0,0,0,0,1,0,0.67,255,141,0.55,0.02,0.55,0,0,0,0,0,"normal"
0,"tcp","http","REJ",0,0,"0",0,0,0,0,"0",0,"0","0",0,0,0,0,0,0,"0",1,1,0,0,1,1,1,0,0,2,253,1,0,0.5,0.16,0,0,1,0.98,"normal"
0,"tcp","private","S0",0,0,"0",0,0,0,0,"0",0,"0","0",0,0,0,0,0,0,"0",233,16,1,1,0,0,0.07,0.07,0,255,16,0.06,0.08,0,0,1,1,0,0,"dos"
0,"tcp","private","S0",0,0,"0",0,0,0,0,"0",0,"0","0",0,0,0,0,0,0,"0",115,7,1,1,0,0,0.06,0.06,0,255,7,0.03,0.05,0,0,1,1,0,0,"dos"
0,"tcp","http","SF",199,671,"0",0,0,0,0,"1",0,"0","0",0,0,0,0,0,0,"0",13,13,0,0,0,0,1,0,0,60,255,1,0,0.02,0.02,0,0,0,0,"normal"
0,"tcp","private","S0",0,0,"0",0,0,0,0,"0",0,"0","0",0,0,0,0,0,0,"0",260,8,1,1,0,0,0.03,0.06,0,255,6,0.02,0.08,0,0,1,1,0,0,"dos"
0,"icmp","ecr_i","SF",1032,0,"0",0,0,0,0,"0",0,"0","0",0,0,0,0,0,0,"0",511,511,0,0,0,0,1,0,0,208,63,0.3,0.01,0.3,0,0,0,0,0,"dos"
0,"tcp","smtp","SF",2406,325,"0",0,0,0,0,"1",0,"0","0",0,0,0,0,0,0,"0",1,1,0,0,0,0,1,0,0,31,148,0.77,0.1,0.03,0.01,0,0,0,0.05,"normal"
0,"tcp","private","S0",0,0,"0",0,0,0,0,"0",0,"0","0",0,0,0,0,0,0,"0",245,19,1,1,0,0,0.08,0.05,0,255,19,0.07,0.05,0,0,1,1,0,0,"dos"
0,"tcp","ftp_data","SF",245,0,"0",0,0,0,0,"1",0,"0","0",1,0,0,0,0,0,"0",1,1,0,0,0,0,1,0,0,102,54,0.06,0.05,0.06,0.04,0,0,0,0,"normal"
0,"tcp","http","SF",295,12884,"0",0,0,0,0,"1",0,"0","0",0,0,0,0,0,0,"0",11,11,0,0,0,0,1,0,0,255,255,1,0,0,0,0,0,0,0,"normal"
0,"tcp","http","SF",155,2059,"0",0,0,0,0,"1",0,"0","0",0,0,0,0,0,0,"0",2,2,0,0,0,0,1,0,0,70,255,1,0,0.01,0.03,0,0,0,0,"normal"
0,"tcp","http","REJ",0,0,"0",0,0,0,0,"0",0,"0","0",0,0,0,0,0,0,"0",1,2,0,0,1,1,1,0,1,14,255,1,0,0.07,0.17,0,0,1,1,"normal"
0,"tcp","private","S0",0,0,"0",0,0,0,0,"0",0,"0","0",0,0,0,0,0,0,"0",195,2,1,1,0,0,0.01,0.07,0,255,4,0.02,0.08,0,0,1,1,0,0,"dos"
0,"tcp","http","SF",339,745,"0",0,0,0,0,"1",0,"0","0",0,0,0,0,0,0,"0",2,17,0,0,0,0,1,0,0.24,5,255,1,0,0.2,0.06,0,0,0,0,"normal"
0,"tcp","http","SF",286,3927,"0",0,0,0,0,"1",0,"0","0",0,0,0,0,0,0,"0",7,7,0,0,0,0,1,0,0,45,255,1,0,0.02,0.01,0,0,0,0,"normal"
2,"tcp","smtp","SF",873,327,"0",0,0,0,0,"1",0,"0","0",0,0,0,0,0,0,"0",1,2,0,0,0,0,1,0,1,34,179,0.71,0.15,0.03,0.01,0,0,0,0,"normal"
1,"tcp","smtp","SF",2250,333,"0",0,0,0,0,"1",0,"0","0",0,0,0,0,0,0,"0",1,2,0,0,0,0,1,0,1,116,122,0.56,0.03,0.01,0.02,0,0,0,0,"normal"
0,"tcp","private","S0",0,0,"0",0,0,0,0,"0",0,"0","0",0,0,0,0,0,0,"0",113,2,1,1,0,0,0.02,0.06,0,255,14,0.05,0.07,0,0,1,1,0,0,"dos"
0,"udp","other","SF",147,0,"0",0,0,0,0,"0",0,"0","0",0,0,0,0,0,0,"0",1,1,0,0,0,0,1,0,0,255,1,0,0.69,1,0,0,0,0,0,"normal"
0,"tcp","http","SF",215,11620,"0",0,0,0,0,"1",0,"0","0",0,0,0,0,0,0,"0",1,5,0,0,0,0,1,0,0.4,52,255,1,0,0.02,0.02,0,0,0,0,"normal"
0,"tcp","http","REJ",0,0,"0",0,0,0,0,"0",0,"0","0",0,0,0,0,0,0,"0",1,1,0,0,1,1,1,0,0,54,255,1,0,0.02,0.22,0,0,1,0.99,"normal"
0,"tcp","private","S0",0,0,"0",0,0,0,0,"0",0,"0","0",0,0,0,0,0,0,"0",183,6,1,1,0,0,0.03,0.06,0,255,6,0.02,0.05,0,0,1,1,0,0,"dos"
0,"tcp","private","S0",0,0,"0",0,0,0,0,"0",0,"0","0",0,0,0,0,0,0,"0",212,5,1,1,0,0,0.02,0.07,0,255,6,0.02,0.07,0,0,1,1,0,0,"dos"
0,"tcp","private","S0",0,0,"0",0,0,0,0,"0",0,"0","0",0,0,0,0,0,0,"0",127,7,1,1,0,0,0.06,0.06,0,255,15,0.06,0.07,0,0,1,1,0,0,"dos"
0,"tcp","private","S0",0,0,"0",0,0,0,0,"0",0,"0","0",0,0,0,0,0,0,"0",251,13,1,1,0,0,0.05,0.06,0,255,13,0.05,0.06,0,0,1,1,0,0,"dos"
0,"tcp","private","S0",0,0,"0",0,0,0,0,"0",0,"0","0",0,0,0,0,0,0,"0",201,4,1,1,0,0,0.02,0.07,0,255,4,0.02,0.07,0,0,1,1,0,0,"dos"
0,"udp","domain_u","SF",42,42,"0",0,0,0,0,"0",0,"0","0",0,0,0,0,0,0,"0",4,6,0,0,0,0,1,0,0.33,255,247,0.97,0.01,0,0,0,0,0,0,"normal"
0,"tcp","private","S0",0,0,"0",0,0,0,0,"0",0,"0","0",0,0,0,0,0,0,"0",253,6,1,1,0,0,0.02,0.07,0,255,3,0.01,0.08,0,0,1,1,0,0,"dos"
0,"tcp","private","S0",0,0,"0",0,0,0,0,"0",0,"0","0",0,0,0,0,0,0,"0",148,16,1,1,0,0,0.11,0.05,0,255,2,0.01,0.06,0,0,1,1,0,0,"dos"
0,"tcp","private","S0",0,0,"0",0,0,0,0,"0",0,"0","0",0,0,0,0,0,0,"0",257,13,1,1,0,0,0.05,0.06,0,255,20,0.08,0.07,0,0,1,1,0,0,"dos"
0,"tcp","private","S0",0,0,"0",0,0,0,0,"0",0,"0","0",0,0,0,0,0,0,"0",245,14,1,1,0,0,0.06,0.05,0,255,14,0.05,0.06,0,0,1,1,0,0,"dos"
0,"tcp","http","SF",299,3943,"0",0,0,0,0,"1",0,"0","0",0,0,0,0,0,0,"0",2,2,0,0,0,0,1,0,0,63,255,1,0,0.02,0.05,0,0.01,0,0,"normal"
0,"tcp","private","S0",0,0,"0",0,0,0,0,"0",0,"0","0",0,0,0,0,0,0,"0",201,1,1,1,0,0,0,0.06,0,255,2,0.01,0.06,0,0,1,1,0,0,"dos"
0,"tcp","smtp","SF",1663,330,"0",0,0,0,0,"1",0,"0","0",1,0,0,0,0,0,"0",1,2,0,0,0,0,1,0,1,140,173,0.72,0.03,0.01,0.01,0,0,0,0,"normal"
0,"tcp","auth","S0",0,0,"0",0,0,0,0,"0",0,"0","0",0,0,0,0,0,0,"0",293,19,1,1,0,0,0.06,0.05,0,255,19,0.07,0.07,0,0,1,1,0,0,"dos"
0,"tcp","ftp_data","SF",14052,0,"0",0,0,0,0,"1",0,"0","0",0,0,0,0,0,0,"0",6,6,0,0,0,0,1,0,0,178,76,0.4,0.02,0.4,0.03,0,0,0,0,"normal"
0,"tcp","smtp","SF",1426,364,"0",0,0,0,0,"1",0,"0","0",0,0,0,0,0,0,"0",1,3,0,0,0,0,1,0,1,4,160,1,0,0.25,0.02,0,0,0,0,"normal"
0,"tcp","private","REJ",0,0,"0",0,0,0,0,"0",0,"0","0",0,0,0,0,0,0,"0",262,8,0,0,1,1,0.03,0.07,0,255,8,0.03,0.08,0,0,0,0,1,1,"dos"
