4,hello,3
0,"tcp","private","S0",0,0,"0",0,0,0,0,"0",0,"0","0",0,0,0,0,0,0,"0",201,9,1,1,0,0,0.04,0.05,0,255,9,0.04,0.05,0,0,1,1,0,0,"dos"
0,"tcp","private","REJ",0,0,"0",0,0,0,0,"0",0,"0","0",0,0,0,0,0,0,"0",275,13,0,0,1,1,0.05,0.06,0,255,13,0.05,0.08,0,0,0,0,1,1,"dos"
0,"tcp","http","SF",307,807,"0",0,0,0,0,"1",0,"0","0",0,0,0,0,0,0,"0",3,3,0,0,0,0,1,0,0,255,255,1,0,0.01,0,0,0,0,0,"normal"
0,"tcp","http","SF",202,327,"0",0,0,0,0,"1",0,"0","0",0,0,0,0,0,0,"0",3,9,0,0,0,0,1,0,0.33,255,255,1,0,0,0,0,0,0,0,"normal"
0,"tcp","private","S0",0,0,"0",0,0,0,0,"0",0,"0","0",0,0,0,0,0,0,"0",168,20,1,1,0,0,0.12,0.05,0,255,20,0.08,0.05,0,0,1,1,0,0,"dos"
0,"tcp","http","SF",242,523,"0",0,0,0,0,"1",0,"0","0",0,0,0,0,0,0,"0",10,10,0,0,0,0,1,0,0,255,255,1,0,0,0,0,0,0,0,"normal"
0,"tcp","private","S0",0,0,"0",0,0,0,0,"0",0,"0","0",0,0,0,0,0,0,"0",287,13,1,1,0,0,0.05,0.05,0,255,13,0.05,0.05,0,0,1,1,0,0,"dos"
0,"tcp","http","SF",347,807,"0",0,0,0,0,"1",0,"0","0",0,0,0,0,0,0,"0",18,18,0,0,0,0,1,0,0,255,255,1,0,0,0,0,0,0,0,"normal"
0,"tcp","private","S0",0,0,"0",0,0,0,0,"0",0,"0","0",0,0,0,0,0,0,"0",230,14,1,1,0,0,0.06,0.06,0,255,14,0.05,0.07,0,0,1,1,0,0,"dos"
0,"tcp","http","SF",200,606,"0",0,0,0,0,"1",0,"0","0",0,0,0,0,0,0,"0",1,1,0,0,0,0,1,0,0,3,255,1,0,0.33,0.06,0,0,0,0,"normal"
0,"udp","private","SF",28,0,"0",3,0,0,0,"0",0,"0","0",0,0,0,0,0,0,"0",25,25,0,0,0,0,1,0,0,255,125,0.49,0.51,0.49,0,0.09,0,0.42,0,"dos"
0,"tcp","private","S0",0,0,"0",0,0,0,0,"0",0,"0","0",0,0,0,0,0,0,"0",244,13,1,1,0,0,0.05,0.06,0,255,13,0.05,0.07,0,0,1,1,0,0,"dos"
0,"tcp","http","SF",319,10093,"0",0,0,0,0,"1",0,"0","0",0,0,0,0,0,0,"0",19,20,0,0,0,0,1,0,0.1,255,255,1,0,0,0,0,0,0,0,"normal"
0,"tcp","http","SF",353,1970,"0",0,0,0,0,"1",0,"0","0",0,0,0,0,0,0,"0",9,10,0,0,0,0,1,0,0.2,255,255,1,0,0,0,0,0,0,0,"normal"
0,"tcp","private","S0",0,0,"0",0,0,0,0,"0",0,"0","0",0,0,0,0,0,0,"0",207,3,1,1,0,0,0.01,0.06,0,255,2,0.01,0.08,0,0,1,1,0,0,"dos"
0,"tcp","http","SF",217,928,"0",0,0,0,0,"1",0,"0","0",0,0,0,0,0,0,"0",9,63,0,0,0,0,1,0,0.08,9,255,1,0,0.11,0.08,0,0,0,0,"normal"
0,"tcp","http","SF",251,1191,"0",0,0,0,0,"1",0,"0","0",0,0,0,0,0,0,"0",1,3,0,0,0,0,1,0,0.67,255,255,1,0,0,0,0.01,0.01,0.02,0.02,"normal"
0,"tcp","http","SF",284,447,"0",0,0,0,0,"1",0,"0","0",0,0,0,0,0,0,"0",14,14,0,0,0,0,1,0,0,30,255,1,0,0.03,0.04,0,0,0,0,"normal"
0,"tcp","http","SF",305,928,"0",0,0,0,0,"1",0,"0","0",0,0,0,0,0,0,"0",10,10,0,0,0,0,1,0,0,54,255,1,0,0.02,0.02,0,0,0,0,"normal"
0,"tcp","private","S0",0,0,"0",0,0,0,0,"0",0,"0","0",0,0,0,0,0,0,"0",263,20,1,1,0,0,0.08,0.05,0,255,20,0.08,0.07,0,0,1,1,0,0,"dos"
0,"tcp","http","SF",214,304,"0",0,0,0,0,"1",0,"0","0",0,0,0,0,0,0,"0",7,7,0,0,0,0,1,0,0,195,255,1,0,0.01,0.02,0,0,0,0,"normal"
0,"tcp","private","S0",0,0,"0",0,0,0,0,"0",0,"0","0",0,0,0,0,0,0,"0",107,3,1,1,0,0,0.03,0.07,0,255,3,0.01,0.07,0,0,1,1,0,0,"dos"
0,"tcp","Z39_50","S0",0,0,"0",0,0,0,0,"0",0,"0","0",0,0,0,0,0,0,"0",273,24,1,1,0,0,0.09,0.05,0,255,24,0.09,0.05,0,0,1,1,0,0,"dos"
0,"tcp","private","S0",0,0,"0",0,0,0,0,"0",0,"0","0",0,0,0,0,0,0,"0",132,17,1,1,0,0,0.13,0.07,0,255,17,0.07,0.06,0,0,1,1,0,0,"dos"
0,"tcp","private","S0",0,0,"0",0,0,0,0,"0",0,"0","0",0,0,0,0,0,0,"0",249,10,1,1,0,0,0.04,0.05,0,255,12,0.05,0.07,0,0,1,1,0,0,"dos"
0,"tcp","http","SF",306,2239,"0",0,0,0,0,"1",0,"0","0",0,0,0,0,0,0,"0",2,2,0,0,0,0,1,0,0,255,254,1,0.01,0,0,0,0,0,0,"normal"
0,"tcp","smtp","SF",1528,330,"0",0,0,0,0,"1",0,"0","0",0,0,0,0,0,0,"0",1,1,0,0,0,0,1,0,0,171,168,0.6,0.03,0.01,0.01,0,0,0,0,"normal"
0,"tcp","http","SF",208,1308,"0",0,0,0,0,"1",0,"0","0",0,0,0,0,0,0,"0",15,16,0,0,0,0,1,0,0.12,15,255,1,0,0.07,0.01,0,0,0,0,"normal"
14,"udp","private","SF",105,146,"0",0,0,0,0,"0",0,"0","0",0,0,0,0,0,0,"0",2,2,0,0,0,0,1,0,0,255,235,0.92,0.01,0.01,0,0,0,0,0,"normal"
0,"tcp","http","SF",229,12589,"0",0,0,0,0,"1",0,"0","0",0,0,0,0,0,0,"0",2,3,0,0,0,0,1,0,0.67,45,255,1,0,0.02,0.02,0,0,0,0,"normal"
0,"tcp","http","SF",177,22212,"0",0,0,0,0,"1",0,"0","0",0,0,0,0,0,0,"0",6,6,0,0,0,0,1,0,0,255,255,1,0,0,0,0,0,0,0,"normal"
0,"tcp","smtp","SF",991,332,"0",0,0,0,0,"1",0,"0","0",0,1,0,0,0,0,"0",1,1,0,0,0,0,1,0,0,121,103,0.49,0.06,0.01,0.02,0,0,0,0,"normal"
0,"tcp","private","REJ",0,0,"0",0,0,0,0,"0",0,"0","0",0,0,0,0,0,0,"0",132,16,0,0,1,1,0.12,0.07,0,255,16,0.06,0.06,0,0,0,0,1,1,"dos"
0,"tcp","http","SF",233,2909,"0",0,0,0,0,"1",0,"0","0",0,0,0,0,0,0,"0",2,2,0,0,0,0,1,0,0,16,255,1,0,0.06,0.05,0,0,0,0,"normal"
0,"tcp","private","REJ",0,0,"0",0,0,0,0,"0",0,"0","0",0,0,0,0,0,0,"0",133,14,0,0,1,1,0.11,0.07,0,255,14,0.05,0.07,0,0,0,0,1,1,"dos"
0,"tcp","http","REJ",0,0,"0",0,0,0,0,"0",0,"0","0",0,0,0,0,0,0,"0",1,1,0,0,1,1,1,0,0,5,97,1,0,0.2,0.27,0,0,1,1,"normal"
0,"tcp","http","SF",362,483,"0",0,0,0,0,"1",0,"0","0",0,0,0,0,0,0,"0",5,10,0,0,0,0,1,0,0.4,30,255,1,0,0.03,0.04,0,0,0,0,"normal"
0,"tcp","http","REJ",0,0,"0",0,0,0,0,"0",0,"0","0",0,0,0,0,0,0,"0",1,1,0,0,1,1,1,0,0,18,253,1,0,0.06,0.18,0,0,1,0.99,"normal"
0,"tcp","private","S0",0,0,"0",0,0,0,0,"0",0,"0","0",0,0,0,0,0,0,"0",267,14,1,1,0,0,0.05,0.06,0,255,4,0.02,0.08,0,0,1,1,0,0,"dos"
0,"tcp","http","SF",207,4398,"0",0,0,0,0,"1",0,"0","0",0,0,0,0,0,0,"0",6,6,0,0,0,0,1,0,0,6,255,1,0,0.17,0.04,0,0.01,0,0,"normal"
0,"tcp","http","SF",54540,8314,"0",0,0,2,0,"1",1,"0","0",0,0,0,0,0,0,"0",5,5,0,0,0,0,1,0,0,90,90,1,0,0.01,0,0,0,0.16,0.16,"dos"
0,"tcp","http","SF",330,848,"0",0,0,0,0,"1",0,"0","0",0,0,0,0,0,0,"0",12,12,0,0,0,0,1,0,0,255,255,1,0,0,0,0,0,0,0,"normal"
0,"tcp","http","SF",275,3026,"0",0,0,0,0,"1",0,"0","0",0,0,0,0,0,0,"0",1,1,0,0,0,0,1,0,0,1,255,1,0,1,0.06,0,0,0,0,"normal"
0,"tcp","private","S0",0,0,"0",0,0,0,0,"0",0,"0","0",0,0,0,0,0,0,"0",149,7,1,1,0,0,0.05,0.05,0,255,7,0.03,0.06,0,0,1,1,0,0,"dos"
0,"tcp","private","S0",0,0,"0",0,0,0,0,"0",0,"0","0",0,0,0,0,0,0,"0",224,12,1,1,0,0,0.05,0.06,0,255,12,0.05,0.08,0,0,1,1,0,0,"dos"
0,"udp","other","SF",147,0,"0",0,0,0,0,"0",0,"0","0",0,0,0,0,0,0,"0",1,1,0,0,0,0,1,0,0,255,1,0,0.55,0.88,0,0,0,0,0,"normal"
0,"tcp","http","SF",228,3955,"0",0,0,0,0,"1",0,"0","0",0,0,0,0,0,0,"0",2,8,0,0,0,0,1,0,0.25,2,255,1,0,0.5,0.04,0,0.01,0,0,"normal"
0,"tcp","private","S0",0,0,"0",0,0,0,0,"0",0,"0","0",0,0,0,0,0,0,"0",249,16,1,1,0,0,0.06,0.06,0,255,4,0.02,0.07,0,0,1,1,0,0,"dos"
0,"tcp","private","S0",0,0,"0",0,0,0,0,"0",0,"0","0",0,0,0,0,0,0,"0",217,8,1,1,0,0,0.04,0.06,0,255,9,0.04,0.08,0,0,1,1,0,0,"dos"
0,"tcp","http","SF",212,3833,"0",0,0,0,0,"1",0,"0","0",0,0,0,0,0,0,"0",2,2,0,0,0,0,1,0,0,38,255,1,0,0.03,0.05,0,0,0,0,"normal"
4729,"udp","other","SF",147,105,"0",0,0,0,0,"0",0,"0","0",0,0,0,0,0,0,"0",1,1,0,0,0,0,1,0,0,255,1,0,0.84,0.98,0,0,0,0,0,"normal"
0,"tcp","http","SF",222,3249,"0",0,0,0,0,"1",0,"0","0",0,0,0,0,0,0,"0",2,2,0,0,0,0,1,0,0,2,255,1,0,0.5,0.07,0,0,0,0,"normal"
0,"tcp","smtp","SF",955,332,"0",0,0,0,0,"1",0,"0","0",0,0,0,0,0,0,"0",1,2,0,0,0,0,1,0,1,255,117,0.46,0.02,0,0,0,0.01,0,0,"normal"
0,"tcp","http","SF",237,128756,"0",0,0,0,0,"1",0,"0","0",0,0,0,0,0,0,"0",3,3,0,0,0,0,1,0,0,7,146,1,0,0.14,0.01,0,0,0,0,"normal"
0,"tcp","http","SF",300,11390,"0",0,0,0,0,"1",0,"0","0",0,0,0,0,0,0,"0",5,9,0,0,0,0,1,0,0.33,24,255,1,0,0.04,0.03,0,0,0,0,"normal"
0,"tcp","private","S0",0,0,"0",0,0,0,0,"0",0,"0","0",0,0,0,0,0,0,"0",134,19,1,1,0,0,0.14,0.07,0,255,4,0.02,0.07,0,0,1,1,0,0,"dos"
0,"tcp","private","S0",0,0,"0",0,0,0,0,"0",0,"0","0",0,0,0,0,0,0,"0",131,4,1,1,0,0,0.03,0.08,0,255,4,0.02,0.08,0,0,1,1,0,0,"dos"
0,"tcp","http","SF",321,3068,"0",0,0,0,0,"1",0,"0","0",0,0,0,0,0,0,"0",4,4,0,0,0,0,1,0,0,255,255,1,0,0,0,0,0,0,0,"normal"
0,"tcp","http","SF",230,9567,"0",0,0,0,0,"1",0,"0","0",0,0,0,0,0,0,"0",1,3,0,0,0,0,1,0,0.67,12,255,1,0,0.08,0.01,0,0,0,0,"normal"
0,"tcp","private","S0",0,0,"0",0,0,0,0,"0",0,"0","0",0,0,0,0,0,0,"0",131,13,1,1,0,0,0.1,0.06,0,255,15,0.06,0.06,0,0,1,1,0,0,"dos"
0,"tcp","ssh","S0",0,0,"0",0,0,0,0,"0",0,"0","0",0,0,0,0,0,0,"0",224,4,1,1,0,0,0.02,0.07,0,255,4,0.02,0.07,0,0,1,1,0,0,"dos"
0,"tcp","http","SF",222,392,"0",0,0,0,0,"1",0,"0","0",0,0,0,0,0,0,"0",4,4,0,0,0,0,1,0,0,255,255,1,0,0,0,0,0,0,0,"normal"
0,"tcp","uucp","S0",0,0,"0",0,0,0,0,"0",0,"0","0",0,0,0,0,0,0,"0",102,2,1,1,0,0,0.02,0.07,0,255,2,0.01,0.07,0,0,1,1,0,0,"dos"
0,"tcp","private","S0",0,0,"0",0,0,0,0,"0",0,"0","0",0,0,0,0,0,0,"0",234,17,1,1,0,0,0.07,0.05,0,255,17,0.07,0.06,0,0,1,1,0,0,"dos"
0,"udp","domain_u","SF",33,0,"0",0,0,0,0,"0",0,"0","0",0,0,0,0,0,0,"0",1,2,0,0,0,0,1,0,1,93,24,0.1,0.18,0.1,0.08,0.03,0,0,0,"normal"
0,"tcp","http","SF",236,18932,"0",0,0,1,0,"1",0,"0","0",0,0,0,0,0,0,"0",1,1,0,0,0,0,1,0,0,255,255,1,0,0,0,0,0,0,0,"normal"
0,"tcp","http","SF",349,1570,"0",0,0,0,0,"1",0,"0","0",0,0,0,0,0,0,"0",28,31,0,0,0,0,1,0,0.06,255,255,1,0,0,0,0,0,0,0,"normal"
0,"tcp","private","S0",0,0,"0",0,0,0,0,"0",0,"0","0",0,0,0,0,0,0,"0",123,17,1,1,0,0,0.14,0.05,0,255,17,0.07,0.04,0,0,1,1,0,0,"dos"
0,"tcp","private","S0",0,0,"0",0,0,0,0,"0",0,"0","0",0,0,0,0,0,0,"0",235,5,1,1,0,0,0.02,0.06,0,255,16,0.06,0.09,0,0,1,1,0,0,"dos"
0,"tcp","http","SF",297,182,"0",0,0,0,0,"1",0,"0","0",0,0,0,0,0,0,"0",21,21,0,0,0,0,1,0,0,255,255,1,0,0,0,0.01,0.01,0.02,0.02,"normal"
0,"tcp","private","S0",0,0,"0",0,0,0,0,"0",0,"0","0",0,0,0,0,0,0,"0",125,7,1,1,0,0,0.06,0.06,0,255,7,0.03,0.07,0,0,1,1,0,0,"dos"
0,"tcp","private","S0",0,0,"0",0,0,0,0,"0",0,"0","0",0,0,0,0,0,0,"0",92,12,1,1,0,0,0.13,0.07,0,255,9,0.04,0.07,0,0,1,1,0,0,"dos"
0,"tcp","private","S0",0,0,"0",0,0,0,0,"0",0,"0","0",0,0,0,0,0,0,"0",284,8,1,1,0,0,0.03,0.05,0,255,8,0.03,0.05,0,0,1,1,0,0,"dos"
0,"tcp","http","SF",245,1773,"0",0,0,0,0,"1",0,"0","0",0,0,0,0,0,0,"0",9,9,0,0,0,0,1,0,0,106,255,1,0,0.01,0.08,0,0,0,0,"normal"
0,"tcp","private","S0",0,0,"0",0,0,0,0,"0",0,"0","0",0,0,0,0,0,0,"0",216,3,1,1,0,0,0.01,0.06,0,255,3,0.01,0.09,0,0,1,1,0,0,"dos"
0,"tcp","nnsp","S0",0,0,"0",0,0,0,0,"0",0,"0","0",0,0,0,0,0,0,"0",142,18,1,1,0,0,0.13,0.06,0,255,18,0.07,0.06,0,0,1,1,0,0,"dos"
0,"tcp","http","SF",195,1382,"0",0,0,0,0,"1",0,"0","0",0,0,0,0,0,0,"0",5,5,0,0,0,0,1,0,0,154,255,1,0,0.01,0.02,0.01,0,0,0,"normal"
0,"tcp","http","SF",191,2071,"0",0,0,0,0,"1",0,"0","0",0,0,0,0,0,0,"0",4,7,0,0,0,0,1,0,0.43,146,255,1,0,0.01,0.02,0,0,0,0,"normal"
0,"tcp","private","S0",0,0,"0",0,0,0,0,"0",0,"0","0",0,0,0,0,0,0,"0",129,14,1,1,0,0,0.11,0.05,0,255,13,0.05,0.08,0,0,1,1,0,0,"dos"
0,"tcp","private","S0",0,0,"0",0,0,0,0,"0",0,"0","0",0,0,0,0,0,0,"0",178,1,1,1,0,0,0.01,0.05,0,255,1,0,0.05,0,0,1,1,0,0,"dos"
0,"tcp","sql_net","S0",0,0,"0",0,0,0,0,"0",0,"0","0",0,0,0,0,0,0,"0",208,19,1,1,0,0,0.09,0.06,0,255,19,0.07,0.06,0,0,1,1,0,0,"dos"
0,"tcp","ftp_data","SF",1339,0,"0",0,0,0,0,"1",0,"0","0",0,0,0,0,0,0,"0",2,2,0,0,0,0,1,0,0,25,91,0.4,0.08,0.4,0.03,0,0,0,0,"normal"
0,"tcp","http","SF",211,7422,"0",0,0,0,0,"1",0,"0","0",0,0,0,0,0,0,"0",2,11,0,0,0,0,1,0,0.27,8,255,1,0,0.12,0.03,0,0,0,0,"normal"
0,"tcp","http","SF",280,1446,"0",0,0,0,0,"1",0,"0","0",0,0,0,0,0,0,"0",3,7,0,0,0,0,1,0,0.29,6,255,1,0,0.17,0.03,0,0,0,0,"normal"
0,"tcp","private","S0",0,0,"0",0,0,0,0,"0",0,"0","0",0,0,0,0,0,0,"0",110,13,1,1,0,0,0.12,0.07,0,255,13,0.05,0.07,0,0,1,1,0,0,"dos"
0,"tcp","private","S0",0,0,"0",0,0,0,0,"0",0,"0","0",0,0,0,0,0,0,"0",276,6,1,1,0,0,0.02,0.06,0,255,2,0.01,0.07,0,0,1,1,0,0,"dos"
20,"tcp","ftp","SF",222,763,"0",0,0,4,0,"1",0,"0","0",0,0,0,0,0,0,"1",1,1,0,0,0,0,1,0,0,255,31,0.12,0.02,0,0,0,0,0,0,"normal"
0,"tcp","http","SF",343,255,"0",0,0,0,0,"1",0,"0","0",0,0,0,0,0,0,"0",21,21,0,0,0,0,1,0,0,255,255,1,0,0,0,0,0,0,0,"normal"
0,"tcp","private","S0",0,0,"0",0,0,0,0,"0",0,"0","0",0,0,0,0,0,0,"0",256,13,1,1,0,0,0.05,0.07,0,255,13,0.05,0.07,0,0,1,1,0,0,"dos"
0,"tcp","private","REJ",0,0,"0",0,0,0,0,"0",0,"0","0",0,0,0,0,0,0,"0",117,4,0,0,1,1,0.03,0.08,0,255,4,0.02,0.08,0,0,0,0,1,1,"dos"
0,"tcp","http","SF",163,4007,"0",0,0,0,0,"1",0,"0","0",0,0,0,0,0,0,"0",6,6,0,0,0,0,1,0,0,6,255,1,0,0.17,0.01,0,0,0,0,"normal"
0,"tcp","private","S0",0,0,"0",0,0,0,0,"0",0,"0","0",0,0,0,0,0,0,"0",194,19,1,1,0,0,0.1,0.06,0,255,19,0.07,0.06,0,0,1,1,0,0,"dos"
3,"tcp","smtp","SF",1029,339,"0",0,0,0,0,"1",0,"0","0",0,0,0,0,0,0,"0",1,2,0,0,0,0,1,0,1,185,129,0.59,0.03,0.01,0.02,0,0,0,0,"normal"
0,"tcp","http","SF",206,1119,"0",0,0,0,0,"1",0,"0","0",0,0,0,0,0,0,"0",18,18,0,0,0,0,1,0,0,37,255,1,0,0.03,0.04,0,0,0,0,"normal"
5,"tcp","smtp","SF",1543,404,"0",0,0,0,0,"1",0,"0","0",0,0,0,0,0,0,"0",1,1,0,0,0,0,1,0,0,47,208,1,0,0.02,0.01,0,0,0,0,"normal"
0,"tcp","ftp_data","SF",15876,0,"0",0,0,0,0,"1",0,"0","0",0,0,0,0,0,0,"0",15,15,0,0,0,0,1,0,0,23,62,0.91,0.09,0.91,0.05,0,0,0,0,"normal"
0,"tcp","http","REJ",0,0,"0",0,0,0,0,"0",0,"0","0",0,0,0,0,0,0,"0",1,1,0,0,1,1,1,0,0,35,255,1,0,0.03,0.15,0,0,1,0.98,"normal"
0,"tcp","http","SF",217,2354,"0",0,0,0,0,"1",0,"0","0",0,0,0,0,0,0,"0",10,10,0,0,0,0,1,0,0,139,255,1,0,0.01,0.01,0,0,0,0,"normal"
0,"tcp","ftp_data","SF",10044,0,"0",0,0,0,0,"1",0,"0","0",0,0,0,0,0,0,"0",8,8,0,0,0,0,1,0,0,144,60,0.17,0.02,0.17,0.03,0,0,0,0,"normal"
0,"tcp","http","REJ",0,0,"0",0,0,0,0,"0",0,"0","0",0,0,0,0,0,0,"0",1,2,0,0,1,1,1,0,1,185,255,1,0,0.01,0.02,0,0,0.35,0.33,"normal"
