1,hello,4
0,"tcp","http","SF",163,14506,"0",0,0,0,0,"1",0,"0","0",0,0,0,0,0,0,"0",1,12,0,0,0,0,1,0,0.17,255,255,1,0,0,0,0,0,0,0,"normal"
0,"tcp","private","S0",0,0,"0",0,0,0,0,"0",0,"0","0",0,0,0,0,0,0,"0",236,2,1,1,0,0,0.01,0.05,0,255,2,0.01,0.06,0,0,1,1,0,0,"dos"
0,"tcp","private","REJ",0,0,"0",0,0,0,0,"0",0,"0","0",0,0,0,0,0,0,"0",134,10,0,0,1,1,0.07,0.06,0,255,11,0.04,0.05,0,0,0,0,1,1,"dos"
0,"tcp","http","SF",208,31864,"0",0,0,0,0,"1",0,"0","0",0,0,0,0,0,0,"0",18,18,0.06,0.06,0,0,1,0,0,40,255,1,0,0.03,0.03,0.03,0,0,0,"normal"
0,"tcp","private","S0",0,0,"0",0,0,0,0,"0",0,"0","0",0,0,0,0,0,0,"0",300,2,1,1,0,0,0.01,0.06,0,255,2,0.01,0.07,0,0,1,1,0,0,"dos"
0,"udp","domain_u","SF",29,79,"0",0,0,0,0,"0",0,"0","0",0,0,0,0,0,0,"0",1,1,0,0,0,0,1,0,0,43,233,1,0,1,0.01,0,0,0,0,"normal"
0,"tcp","http","SF",188,4032,"0",0,0,0,0,"1",0,"0","0",0,0,0,0,0,0,"0",1,3,0,0,0,0,1,0,0.67,126,255,1,0,0.01,0.05,0,0,0,0,"normal"
1,"tcp","smtp","SF",11590,859,"0",0,0,0,0,"1",0,"0","0",0,0,0,0,0,0,"0",1,1,0,0,0,0,1,0,0,7,185,0.86,0.29,0.14,0.02,0.14,0,0,0.05,"normal"
0,"tcp","private","S0",0,0,"0",0,0,0,0,"0",0,"0","0",0,0,0,0,0,0,"0",202,2,1,1,0,0,0.01,0.07,0,255,2,0.01,0.09,0,0,1,1,0,0,"dos"
0,"tcp","ftp_data","SF",567,0,"0",0,0,0,0,"1",0,"0","0",6,0,0,0,0,0,"0",1,2,0,0,0,0,1,0,1,31,12,0.03,0.16,0.03,0.17,0,0,0,0,"normal"
0,"tcp","supdup","S0",0,0,"0",0,0,0,0,"0",0,"0","0",0,0,0,0,0,0,"0",233,3,1,1,0,0,0.01,0.07,0,255,3,0.01,0.07,0,0,1,1,0,0,"dos"
0,"tcp","private","S0",0,0,"0",0,0,0,0,"0",0,"0","0",0,0,0,0,0,0,"0",130,1,1,1,0,0,0.01,0.06,0,255,10,0.04,0.07,0,0,1,1,0,0,"dos"
0,"tcp","http","SF",353,354,"0",0,0,0,0,"1",0,"0","0",0,0,0,0,0,0,"0",9,11,0,0,0,0,1,0,0.18,255,255,1,0,0,0,0,0,0,0,"normal"
0,"tcp","private","S0",0,0,"0",0,0,0,0,"0",0,"0","0",0,0,0,0,0,0,"0",290,4,1,1,0,0,0.01,0.05,0,255,4,0.02,0.05,0,0,1,1,0,0,"dos"
0,"tcp","private","S0",0,0,"0",0,0,0,0,"0",0,"0","0",0,0,0,0,0,0,"0",109,8,1,1,0,0,0.07,0.06,0,255,1,0,0.07,0,0,1,1,0,0,"dos"
0,"tcp","http","SF",207,940,"0",0,0,0,0,"1",0,"0","0",0,0,0,0,0,0,"0",8,10,0,0,0,0,1,0,0.2,255,255,1,0,0,0,0,0,0,0,"normal"
0,"tcp","http","SF",470,7497,"0",0,0,0,0,"1",0,"0","0",0,0,0,0,0,0,"0",12,12,0,0,0,0,1,0,0,47,249,1,0,0.02,0.11,0,0,0.53,0.86,"normal"
0,"tcp","http","SF",159,8391,"0",0,0,0,0,"1",0,"0","0",0,0,0,0,0,0,"0",6,6,0,0,0,0,1,0,0,212,255,1,0,0,0.01,0,0,0,0,"normal"
0,"tcp","private","S0",0,0,"0",0,0,0,0,"0",0,"0","0",0,0,0,0,0,0,"0",209,15,1,1,0,0,0.07,0.05,0,255,19,0.07,0.07,0,0,1,1,0,0,"dos"
0,"tcp","http","SF",238,278,"0",0,0,0,0,"1",0,"0","0",0,0,0,0,0,0,"0",1,1,0,0,0,0,1,0,0,76,255,1,0,0.01,0.03,0,0,0.01,0.01,"normal"
0,"tcp","private","REJ",0,0,"0",0,0,0,0,"0",0,"0","0",0,0,0,0,0,0,"0",118,12,0,0,1,1,0.1,0.08,0,255,12,0.05,0.07,0,0,0,0,1,1,"dos"
0,"tcp","private","S0",0,0,"0",0,0,0,0,"0",0,"0","0",0,0,0,0,0,0,"0",7,3,1,1,0,0,0.43,0.29,0,255,3,0.01,0.07,0,0,1,1,0,0,"dos"
0,"tcp","http","SF",201,520,"0",0,0,0,0,"1",0,"0","0",0,0,0,0,0,0,"0",16,16,0.06,0.06,0,0,1,0,0,16,255,1,0,0.06,0.05,0.06,0,0,0,"normal"
0,"udp","domain_u","SF",36,101,"0",0,0,0,0,"0",0,"0","0",0,0,0,0,0,0,"0",2,3,0,0,0,0,1,0,0.67,255,229,0.9,0.01,0,0,0,0,0,0,"normal"
0,"tcp","Z39_50","S0",0,0,"0",0,0,0,0,"0",0,"0","0",0,0,0,0,0,0,"0",204,20,1,1,0,0,0.1,0.06,0,255,16,0.06,0.06,0,0,1,1,0,0,"dos"
0,"tcp","http","SF",411,7880,"0",0,0,0,0,"1",0,"0","0",0,0,0,0,0,0,"0",5,5,0,0,0,0,1,0,0,255,255,1,0,0,0,0,0,0,0,"normal"
0,"tcp","http","SF",313,410,"0",0,0,0,0,"1",0,"0","0",0,0,0,0,0,0,"0",3,12,0,0,0,0,1,0,0.33,75,255,1,0,0.01,0.01,0,0,0,0,"normal"
0,"tcp","private","S0",0,0,"0",0,0,0,0,"0",0,"0","0",0,0,0,0,0,0,"0",250,20,1,1,0,0,0.08,0.05,0,255,20,0.08,0.06,0,0,1,1,0,0,"dos"
0,"tcp","http","REJ",0,0,"0",0,0,0,0,"0",0,"0","0",0,0,0,0,0,0,"0",1,1,0,0,1,1,1,0,0,15,115,1,0,0.07,0.21,0,0,1,1,"normal"
0,"tcp","http","SF",200,1299,"0",0,0,0,0,"1",0,"0","0",0,0,0,0,0,0,"0",1,1,0,0,0,0,1,0,0,255,255,1,0,0,0,0,0,0,0,"normal"
0,"tcp","iso_tsap","S0",0,0,"0",0,0,0,0,"0",0,"0","0",0,0,0,0,0,0,"0",288,22,1,1,0,0,0.08,0.05,0,255,22,0.09,0.05,0,0,1,1,0,0,"dos"
0,"tcp","private","S0",0,0,"0",0,0,0,0,"0",0,"0","0",0,0,0,0,0,0,"0",234,13,1,1,0,0,0.06,0.06,0,255,13,0.05,0.05,0,0,1,1,0,0,"dos"
0,"tcp","http","SF",305,2507,"0",0,0,0,0,"1",0,"0","0",0,0,0,0,0,0,"0",5,5,0,0,0,0,1,0,0,141,134,0.95,0.01,0.01,0,0,0,0,0,"normal"
14,"udp","private","SF",105,147,"0",0,0,0,0,"0",0,"0","0",0,0,0,0,0,0,"0",2,2,0,0,0,0,1,0,0,255,233,0.91,0.01,0.02,0,0,0,0,0,"normal"
0,"icmp","eco_i","SF",30,0,"0",0,0,0,0,"0",0,"0","0",0,0,0,0,0,0,"0",1,1,0,0,0,0,1,0,0,81,81,1,0,1,0,0,0,0,0,"normal"
0,"tcp","private","S0",0,0,"0",0,0,0,0,"0",0,"0","0",0,0,0,0,0,0,"0",244,3,1,1,0,0,0.01,0.06,0,255,3,0.01,0.07,0,0,1,1,0,0,"dos"
0,"tcp","http","SF",292,1613,"0",0,0,0,0,"1",0,"0","0",0,0,0,0,0,0,"0",7,24,0,0,0,0,1,0,0.08,7,255,1,0,0.14,0.05,0,0,0,0,"normal"
0,"tcp","private","S0",0,0,"0",0,0,0,0,"0",0,"0","0",0,0,0,0,0,0,"0",234,2,1,1,0,0,0.01,0.06,0,255,1,0,0.07,0,0,1,1,0,0,"dos"
0,"tcp","private","S0",0,0,"0",0,0,0,0,"0",0,"0","0",0,0,0,0,0,0,"0",229,6,1,1,0,0,0.03,0.07,0,255,6,0.02,0.07,0,0,1,1,0,0,"dos"
0,"tcp","private","S0",0,0,"0",0,0,0,0,"0",0,"0","0",0,0,0,0,0,0,"0",232,8,1,1,0,0,0.03,0.06,0,255,8,0.03,0.05,0,0,1,1,0,0,"dos"
0,"tcp","http","SF",303,2507,"0",0,0,0,0,"1",0,"0","0",0,0,0,0,0,0,"0",6,10,0,0,0,0,1,0,0.2,255,223,0.87,0.01,0,0,0,0,0,0,"normal"
0,"tcp","http","SF",319,4572,"0",0,0,0,0,"1",0,"0","0",0,0,0,0,0,0,"0",7,10,0,0,0,0,1,0,0.3,255,255,1,0,0,0,0,0,0,0,"normal"
0,"tcp","http","SF",326,498,"0",0,0,0,0,"1",0,"0","0",0,0,0,0,0,0,"0",14,16,0,0,0,0,1,0,0.19,255,255,1,0,0,0,0,0,0,0,"normal"
0,"udp","domain_u","SF",44,44,"0",0,0,0,0,"0",0,"0","0",0,0,0,0,0,0,"0",11,20,0,0,0,0,1,0,0.15,255,255,1,0,0,0,0,0,0,0,"normal"
0,"tcp","smtp","SF",1264,329,"0",0,0,0,0,"1",0,"0","0",0,0,0,0,0,0,"0",2,1,0,0,0,0,0.5,1,0,127,160,0.46,0.06,0.01,0.01,0.01,0,0,0,"normal"
0,"tcp","http","SF",174,1963,"0",0,0,0,0,"1",0,"0","0",0,0,0,0,0,0,"0",1,1,0,0,0,0,1,0,0,7,255,1,0,0.14,0.05,0,0,0,0,"normal"
0,"tcp","private","S0",0,0,"0",0,0,0,0,"0",0,"0","0",0,0,0,0,0,0,"0",141,9,1,1,0,0,0.06,0.05,0,255,9,0.04,0.05,0,0,1,1,0,0,"dos"
0,"icmp","ecr_i","SF",520,0,"0",0,0,0,0,"0",0,"0","0",0,0,0,0,0,0,"0",439,439,0,0,0,0,1,0,0,233,233,1,0,1,0,0,0,0,0,"dos"
4545,"udp","other","SF",146,105,"0",0,0,0,0,"0",0,"0","0",0,0,0,0,0,0,"0",1,1,0,0,0,0,1,0,0,255,1,0,0.86,1,0,0,0,0,0,"normal"
39,"tcp","telnet","SF",574,855415,"0",0,0,0,0,"1",0,"0","0",0,0,0,0,0,0,"0",1,1,0,0,0,0,1,0,0,1,1,1,0,1,0,0,0,0,0,"normal"
0,"tcp","http","SF",203,574,"0",0,0,0,0,"1",0,"0","0",0,0,0,0,0,0,"0",9,9,0,0,0,0,1,0,0,255,255,1,0,0.01,0,0,0,0,0,"normal"
0,"tcp","http","SF",219,24786,"0",0,0,0,0,"1",0,"0","0",0,0,0,0,0,0,"0",19,19,0,0,0,0,1,0,0,255,255,1,0,0,0,0,0,0,0,"normal"
0,"tcp","http","SF",233,293,"0",0,0,0,0,"1",0,"0","0",0,0,0,0,0,0,"0",17,18,0,0,0,0,1,0,0.11,255,255,1,0,0,0,0,0,0,0,"normal"
0,"tcp","private","S0",0,0,"0",0,0,0,0,"0",0,"0","0",0,0,0,0,0,0,"0",276,19,1,1,0,0,0.07,0.06,0,255,19,0.07,0.07,0,0,1,1,0,0,"dos"
0,"tcp","http","SF",363,294,"0",0,0,0,0,"1",0,"0","0",0,0,0,0,0,0,"0",22,22,0,0,0,0,1,0,0,255,255,1,0,0,0,0,0,0,0,"normal"
0,"tcp","http","REJ",0,0,"0",0,0,0,0,"0",0,"0","0",0,0,0,0,0,0,"0",1,2,0,0,1,1,1,0,1,13,255,1,0,0.08,0.09,0,0,1,1,"normal"
0,"tcp","http","SF",244,2317,"0",0,0,0,0,"1",0,"0","0",0,0,0,0,0,0,"0",2,2,0,0,0,0,1,0,0,10,255,1,0,0.1,0.03,0,0,0,0,"normal"
0,"tcp","private","S0",0,0,"0",0,0,0,0,"0",0,"0","0",0,0,0,0,0,0,"0",145,6,1,1,0,0,0.04,0.06,0,255,9,0.04,0.07,0,0,1,1,0,0,"dos"
0,"icmp","urp_i","SF",128,0,"0",0,0,0,0,"0",0,"0","0",0,0,0,0,0,0,"0",8,2,0,0,0,0,0.25,0.25,0,109,15,0.13,0.04,0.13,0.13,0,0,0,0,"normal"
0,"tcp","private","S0",0,0,"0",0,0,0,0,"0",0,"0","0",0,0,0,0,0,0,"0",249,7,1,1,0,0,0.03,0.06,0,255,14,0.05,0.08,0,0,1,1,0,0,"dos"
4,"tcp","ftp_data","SF",832,0,"0",0,0,0,0,"1",0,"0","0",0,0,0,0,0,0,"0",1,1,0,0,0,0,1,0,0,3,37,1,0,1,0.16,0,0.03,0,0,"r2l"
0,"tcp","http","RSTR",54060,7300,"0",0,0,1,0,"1",0,"0","0",0,0,0,0,0,0,"0",4,4,0,0,0.25,0.25,1,0,0,19,19,1,0,0.05,0,0,0,0.11,0.11,"dos"
0,"tcp","http","SF",190,12948,"0",0,0,0,0,"1",0,"0","0",0,0,0,0,0,0,"0",4,4,0,0,0,0,1,0,0,41,255,1,0,0.02,0.02,0,0,0,0,"normal"
0,"tcp","smtp","SF",1857,328,"0",0,0,0,0,"1",0,"0","0",0,0,0,0,0,0,"0",1,1,0,0,0,0,1,0,0,6,187,1,0,0.17,0.02,0,0.01,0,0,"normal"
0,"tcp","private","S0",0,0,"0",0,0,0,0,"0",0,"0","0",0,0,0,0,0,0,"0",195,6,1,1,0,0,0.03,0.06,0,255,17,0.07,0.06,0,0,1,1,0,0,"dos"
0,"tcp","private","S0",0,0,"0",0,0,0,0,"0",0,"0","0",0,0,0,0,0,0,"0",240,14,1,1,0,0,0.06,0.06,0,255,1,0,0.08,0,0,1,1,0,0,"dos"
0,"tcp","private","S0",0,0,"0",0,0,0,0,"0",0,"0","0",0,0,0,0,0,0,"0",142,7,1,1,0,0,0.05,0.06,0,255,7,0.03,0.07,0,0,1,1,0,0,"dos"
0,"tcp","http","SF",284,1198,"0",0,0,0,0,"1",0,"0","0",0,0,0,0,0,0,"0",3,3,0,0,0,0,1,0,0,255,255,1,0,0,0,0,0,0,0,"normal"
0,"tcp","private","S0",0,0,"0",0,0,0,0,"0",0,"0","0",0,0,0,0,0,0,"0",274,9,1,1,0,0,0.03,0.06,0,255,15,0.06,0.06,0,0,1,1,0,0,"dos"
0,"tcp","private","S0",0,0,"0",0,0,0,0,"0",0,"0","0",0,0,0,0,0,0,"0",214,2,1,1,0,0,0.01,0.07,0,255,2,0.01,0.07,0,0,1,1,0,0,"dos"
0,"tcp","private","S0",0,0,"0",0,0,0,0,"0",0,"0","0",0,0,0,0,0,0,"0",144,16,1,1,0,0,0.11,0.05,0,255,16,0.06,0.04,0,0,1,1,0,0,"dos"
0,"tcp","http","SF",227,888,"0",0,0,0,0,"1",0,"0","0",0,0,0,0,0,0,"0",25,30,0,0,0,0,1,0,0.1,61,255,1,0,0.02,0.09,0,0.01,0,0,"normal"
0,"tcp","private","S0",0,0,"0",0,0,0,0,"0",0,"0","0",0,0,0,0,0,0,"0",8,8,1,1,0,0,1,0,0,255,8,0.03,0.07,0,0,1,1,0,0,"dos"
0,"tcp","private","S0",0,0,"0",0,0,0,0,"0",0,"0","0",0,0,0,0,0,0,"0",27,12,1,1,0,0,0.44,0.15,0,255,12,0.05,0.07,0,0,1,1,0,0,"dos"
0,"udp","domain_u","SF",29,0,"0",0,0,0,0,"0",0,"0","0",0,0,0,0,0,0,"0",1,2,0,0,0,0,1,0,1,116,64,0.16,0.04,0.16,0.05,0,0,0,0,"normal"
0,"tcp","private","S0",0,0,"0",0,0,0,0,"0",0,"0","0",0,0,0,0,0,0,"0",233,6,1,1,0,0,0.03,0.07,0,255,10,0.04,0.07,0,0,1,1,0,0,"dos"
0,"tcp","mtp","REJ",0,0,"0",0,0,0,0,"0",0,"0","0",0,0,0,0,0,0,"0",1,1,0,0,1,1,1,0,0,38,2,0.03,1,0.03,1,0,0,0.92,1,"probe"
0,"tcp","http","SF",235,1075,"0",0,0,0,0,"1",0,"0","0",0,0,0,0,0,0,"0",7,17,0,0,0,0,1,0,0.24,222,217,0.98,0.01,0,0,0,0,0,0,"normal"
0,"tcp","http","SF",317,2410,"0",0,0,0,0,"1",0,"0","0",0,0,0,0,0,0,"0",19,39,0,0,0,0,1,0,0.08,255,255,1,0,0,0,0,0,0,0,"normal"
0,"tcp","private","S0",0,0,"0",0,0,0,0,"0",0,"0","0",0,0,0,0,0,0,"0",277,9,1,1,0,0,0.03,0.06,0,255,17,0.07,0.06,0,0,1,1,0,0,"dos"
0,"tcp","http","SF",269,27692,"0",0,0,0,0,"1",0,"0","0",0,0,0,0,0,0,"0",1,1,0,0,0,0,1,0,0,255,255,1,0,0,0,0,0,0,0,"normal"
0,"tcp","http","SF",314,7638,"0",0,0,0,0,"1",0,"0","0",0,0,0,0,0,0,"0",11,11,0,0,0,0,1,0,0,29,255,1,0,0.03,0.06,0,0,0,0,"normal"
0,"tcp","http","REJ",0,0,"0",0,0,0,0,"0",0,"0","0",0,0,0,0,0,0,"0",1,1,0,0,1,1,1,0,0,5,255,1,0,0.2,0.05,0,0,1,0.75,"normal"
14684,"udp","other","SF",147,105,"0",0,0,0,0,"0",0,"0","0",0,0,0,0,0,0,"0",1,1,0,0,0,0,1,0,0,255,5,0.02,0.66,0.98,0,0,0,0,0,"normal"
0,"tcp","http","REJ",0,0,"0",0,0,0,0,"0",0,"0","0",0,0,0,0,0,0,"0",1,1,0,0,1,1,1,0,0,1,255,1,0,1,0.07,0,0,1,0.98,"normal"
0,"tcp","smtp","SF",1886,334,"0",0,0,0,0,"1",0,"0","0",0,0,0,0,0,0,"0",1,1,0,0,0,0,1,0,0,50,194,0.84,0.06,0.02,0.01,0,0.01,0,0,"normal"
0,"tcp","ftp","S0",0,0,"0",0,0,0,0,"0",0,"0","0",0,0,0,0,0,0,"0",229,4,1,1,0,0,0.02,0.07,0,255,5,0.02,0.07,0,0,1,1,0,0,"dos"
0,"tcp","http","SF",288,6810,"0",0,0,0,0,"1",0,"0","0",0,0,0,0,0,0,"0",19,19,0,0,0,0,1,0,0,184,255,1,0,0.01,0.01,0,0,0,0,"normal"
0,"tcp","http","SF",264,10004,"0",0,0,0,0,"1",0,"0","0",0,0,0,0,0,0,"0",7,7,0,0,0,0,1,0,0,58,255,1,0,0.02,0.14,0,0,0.4,0.82,"normal"
0,"tcp","private","REJ",0,0,"0",0,0,0,0,"0",0,"0","0",0,0,0,0,0,0,"0",227,11,0,0,1,1,0.05,0.07,0,255,11,0.04,0.07,0,0,0,0,1,1,"dos"
0,"tcp","http","SF",308,932,"0",0,0,0,0,"1",0,"0","0",0,0,0,0,0,0,"0",22,22,0,0,0,0,1,0,0,255,255,1,0,0,0,0,0,0,0,"normal"
0,"tcp","http","SF",240,207,"0",0,0,0,0,"1",0,"0","0",0,0,0,0,0,0,"0",33,34,0,0,0,0,1,0,0.06,255,255,1,0,0,0,0,0,0,0,"normal"
0,"tcp","private","S0",0,0,"0",0,0,0,0,"0",0,"0","0",0,0,0,0,0,0,"0",200,10,1,1,0,0,0.05,0.05,0,255,10,0.04,0.05,0,0,1,1,0,0,"dos"
0,"tcp","smtp","SF",683,280,"0",0,0,0,0,"1",0,"0","0",0,0,0,0,0,0,"0",1,1,0,0,0,0,1,0,0,206,120,0.39,0.03,0,0.02,0,0,0,0,"normal"
0,"tcp","private","S0",0,0,"0",0,0,0,0,"0",0,"0","0",0,0,0,0,0,0,"0",123,17,1,1,0,0,0.14,0.06,0,255,17,0.07,0.06,0,0,1,1,0,0,"dos"
0,"tcp","http","SF",318,1298,"0",0,0,0,0,"1",0,"0","0",0,0,0,0,0,0,"0",5,12,0,0,0,0,1,0,0.17,24,255,1,0,0.04,0.04,0,0,0,0,"normal"
6636,"udp","other","SF",146,105,"0",0,0,0,0,"0",0,"0","0",0,0,0,0,0,0,"0",5,2,0,0,0,0,0.4,0.6,0,255,2,0.01,0.86,1,0,0,0,0,0,"normal"
0,"tcp","private","S0",0,0,"0",0,0,0,0,"0",0,"0","0",0,0,0,0,0,0,"0",21,8,1,1,0,0,0.38,0.14,0,255,8,0.03,0.08,0,0,1,1,0,0,"dos"
0,"tcp","http","SF",351,538,"0",0,0,0,0,"1",0,"0","0",0,0,0,0,0,0,"0",18,18,0,0,0,0,1,0,0,93,255,1,0,0.01,0.02,0,0,0,0,"normal"
0,"tcp","http","SF",313,34897,"0",0,0,0,0,"1",0,"0","0",0,0,0,0,0,0,"0",2,2,0,0,0,0,1,0,0,2,255,1,0,0.5,0.02,0,0,0,0,"normal"
