3,hello,2
0,"tcp","http","SF",343,1775,"0",0,0,0,0,"1",0,"0","0",0,0,0,0,0,0,"0",15,15,0,0,0,0,1,0,0,59,255,1,0,0.02,0.04,0,0,0,0,"normal"
0,"tcp","private","S0",0,0,"0",0,0,0,0,"0",0,"0","0",0,0,0,0,0,0,"0",259,14,1,1,0,0,0.05,0.06,0,255,14,0.05,0.08,0,0,1,1,0,0,"dos"
0,"tcp","smtp","SF",1222,331,"0",0,0,0,0,"1",0,"0","0",0,0,0,0,0,0,"0",1,1,0,0,0,0,1,0,0,151,221,0.87,0.03,0.01,0.01,0,0,0.01,0.03,"normal"
0,"tcp","private","S0",0,0,"0",0,0,0,0,"0",0,"0","0",0,0,0,0,0,0,"0",134,5,1,1,0,0,0.04,0.07,0,255,18,0.07,0.07,0,0,1,1,0,0,"dos"
0,"tcp","private","S0",0,0,"0",0,0,0,0,"0",0,"0","0",0,0,0,0,0,0,"0",234,18,1,1,0,0,0.08,0.06,0,255,10,0.04,0.06,0,0,1,1,0,0,"dos"
0,"tcp","http","SF",268,7723,"0",0,0,0,0,"1",0,"0","0",0,0,0,0,0,0,"0",1,1,0,0,0,0,1,0,0,2,255,1,0,0.5,0.02,0,0,0,0,"normal"
0,"tcp","http","SF",194,4768,"0",0,0,0,0,"1",0,"0","0",0,0,0,0,0,0,"0",17,40,0,0,0,0,1,0,0.05,255,255,1,0,0,0,0,0,0.01,0.01,"normal"
0,"tcp","http","SF",291,1812,"0",0,0,0,0,"1",0,"0","0",0,0,0,0,0,0,"0",2,2,0,0,0,0,1,0,0,8,255,1,0,0.12,0.07,0,0,0,0,"normal"
0,"tcp","smtp","SF",1346,399,"0",0,0,0,0,"1",0,"0","0",0,0,0,0,0,0,"0",1,2,0,0,0,0,1,0,1,58,168,0.83,0.05,0.02,0.02,0,0,0,0,"normal"
0,"tcp","http","SF",208,339,"0",0,0,0,0,"1",0,"0","0",0,0,0,0,0,0,"0",7,11,0,0,0,0,1,0,0.36,19,254,1,0,0.05,0.03,0,0,0,0,"normal"
0,"tcp","private","S0",0,0,"0",0,0,0,0,"0",0,"0","0",0,0,0,0,0,0,"0",134,17,1,1,0,0,0.13,0.06,0,255,19,0.07,0.05,0,0,1,1,0,0,"dos"
13,"udp","private","SF",105,147,"0",0,0,0,0,"0",0,"0","0",0,0,0,0,0,0,"0",2,2,0,0,0,0,1,0,0,255,238,0.93,0.01,0.01,0,0,0,0,0,"normal"
0,"tcp","private","S0",0,0,"0",0,0,0,0,"0",0,"0","0",0,0,0,0,0,0,"0",256,6,1,1,0,0,0.02,0.06,0,255,8,0.03,0.07,0,0,1,1,0,0,"dos"
0,"tcp","http","SF",334,1066,"0",0,0,0,0,"1",0,"0","0",0,0,0,0,0,0,"0",5,5,0,0,0,0,1,0,0,255,255,1,0,0,0,0,0,0,0,"normal"
0,"tcp","smtp","SF",903,330,"0",0,0,0,0,"1",0,"0","0",0,0,0,0,0,0,"0",1,2,0,0,0,0,1,0,1,22,156,0.95,0.09,0.05,0.02,0,0,0,0,"normal"
0,"tcp","private","S0",0,0,"0",0,0,0,0,"0",0,"0","0",0,0,0,0,0,0,"0",142,18,1,1,0,0,0.13,0.06,0,255,9,0.04,0.06,0,0,1,1,0,0,"dos"
12,"tcp","ftp_data","SF",7045,0,"0",0,0,0,0,"1",0,"0","0",0,0,0,0,0,0,"0",2,2,0,0,0,0,1,0,0,16,51,1,0,1,0.12,0,0.02,0,0,"r2l"
0,"tcp","private","S0",0,0,"0",0,0,0,0,"0",0,"0","0",0,0,0,0,0,0,"0",284,19,1,1,0,0,0.07,0.05,0,255,19,0.07,0.05,0,0,1,1,0,0,"dos"
0,"tcp","http","SF",245,2526,"0",0,0,0,0,"1",0,"0","0",0,0,0,0,0,0,"0",10,11,0,0,0,0,1,0,0.18,255,255,1,0,0,0,0,0,0,0,"normal"
0,"tcp","http","SF",366,13507,"0",0,0,0,0,"1",0,"0","0",0,0,0,0,0,0,"0",4,26,0,0,0,0,1,0,0.08,55,255,1,0,0.02,0.04,0,0,0,0,"normal"
0,"tcp","http","SF",217,625,"0",0,0,0,0,"1",0,"0","0",0,0,0,0,0,0,"0",21,24,0,0,0,0,1,0,0.08,22,255,1,0,0.05,0.03,0,0,0,0,"normal"
0,"tcp","http","SF",302,751,"0",0,0,0,0,"1",0,"0","0",0,0,0,0,0,0,"0",11,33,0,0,0,0,1,0,0.15,255,255,1,0,0,0,0,0,0,0,"normal"
0,"tcp","smtp","SF",2273,331,"0",0,0,0,0,"1",0,"0","0",0,0,0,0,0,0,"0",1,2,0,0,0,0,1,0,1,70,154,0.59,0.07,0.01,0.01,0,0,0,0,"normal"
0,"tcp","http","SF",242,1541,"0",0,0,0,0,"1",0,"0","0",0,0,0,0,0,0,"0",1,10,0,0,0,0,1,0,0.2,45,255,1,0,0.02,0.05,0,0,0,0,"normal"
0,"udp","domain_u","SF",29,0,"0",0,0,0,0,"0",0,"0","0",0,0,0,0,0,0,"0",1,1,0,0,0,0,1,0,0,230,42,0.16,0.03,0.16,0.05,0,0,0,0,"normal"
6,"tcp","smtp","SF",1262,331,"0",0,0,0,0,"1",0,"0","0",0,0,0,0,0,0,"0",1,2,0,0,0,0,1,0,1,1,87,1,0,1,0.02,0,0,0,0,"normal"
0,"tcp","private","S0",0,0,"0",0,0,0,0,"0",0,"0","0",0,0,0,0,0,0,"0",245,17,1,1,0,0,0.07,0.06,0,255,16,0.06,0.09,0,0,1,1,0,0,"dos"
0,"tcp","private","S0",0,0,"0",0,0,0,0,"0",0,"0","0",0,0,0,0,0,0,"0",131,10,1,1,0,0,0.08,0.06,0,255,10,0.04,0.07,0,0,1,1,0,0,"dos"
0,"tcp","private","S0",0,0,"0",0,0,0,0,"0",0,"0","0",0,0,0,0,0,0,"0",127,8,1,1,0,0,0.06,0.06,0,255,8,0.03,0.08,0,0,1,1,0,0,"dos"
0,"tcp","ftp_data","SF",1830,0,"0",0,0,0,0,"1",0,"0","0",0,0,0,0,0,0,"0",6,6,0,0,0,0,1,0,0,255,63,0.25,0.02,0.25,0,0,0,0,0,"normal"
0,"tcp","ftp_data","SF",1342,0,"0",0,0,0,0,"1",0,"0","0",0,0,0,0,0,0,"0",2,2,0,0,0,0,1,0,0,51,46,0.16,0.1,0.16,0.04,0,0.02,0,0,"normal"
0,"tcp","daytime","S0",0,0,"0",0,0,0,0,"0",0,"0","0",0,0,0,0,0,0,"0",238,5,1,1,0,0,0.02,0.07,0,255,5,0.02,0.07,0,0,1,1,0,0,"dos"
0,"tcp","private","REJ",0,0,"0",0,0,0,0,"0",0,"0","0",0,0,0,0,0,0,"0",128,19,0,0,1,1,0.15,0.05,0,255,19,0.07,0.06,0,0,0,0,1,1,"dos"
0,"tcp","private","S0",0,0,"0",0,0,0,0,"0",0,"0","0",0,0,0,0,0,0,"0",125,9,1,1,0,0,0.07,0.08,0,255,9,0.04,0.07,0,0,1,1,0,0,"dos"
0,"tcp","http","SF",208,2302,"0",0,0,0,0,"1",0,"0","0",0,0,0,0,0,0,"0",12,12,0,0,0,0,1,0,0,255,255,1,0,0,0,0,0,0,0,"normal"
0,"tcp","private","REJ",0,0,"0",0,0,0,0,"0",0,"0","0",0,0,0,0,0,0,"0",231,16,0,0,1,1,0.07,0.06,0,255,16,0.06,0.08,0,0,0,0,1,1,"dos"
0,"tcp","ftp_data","SF",1030,0,"0",0,0,0,0,"1",0,"0","0",0,0,0,0,0,0,"0",3,4,0,0,0,0,1,0,0.5,255,118,0.46,0.01,0.46,0,0,0,0,0,"normal"
0,"tcp","http","SF",222,55901,"0",0,0,0,0,"1",0,"0","0",0,0,0,0,0,0,"0",4,4,0,0,0,0,1,0,0,32,255,1,0,0.03,0.02,0,0,0,0,"normal"
0,"tcp","http","REJ",0,0,"0",0,0,0,0,"0",0,"0","0",0,0,0,0,0,0,"0",1,2,0,0,1,1,1,0,1,47,255,1,0,0.02,0.05,0,0,1,1,"normal"
0,"tcp","http","SF",360,1026,"0",0,0,0,0,"1",0,"0","0",0,0,0,0,0,0,"0",22,23,0,0,0,0,1,0,0.09,255,255,1,0,0,0,0,0,0,0,"normal"
0,"udp","domain_u","SF",44,133,"0",0,0,0,0,"0",0,"0","0",0,0,0,0,0,0,"0",36,116,0,0,0,0,1,0,0.02,255,252,0.99,0.01,0,0,0,0,0,0,"normal"
0,"tcp","http","SF",235,6879,"0",0,0,0,0,"1",0,"0","0",0,0,0,0,0,0,"0",11,12,0,0,0,0,1,0,0.17,108,255,1,0,0.01,0.02,0,0.01,0,0,"normal"
94,"udp","domain_u","SF",110,41,"0",0,0,0,0,"0",0,"0","0",0,0,0,0,0,0,"0",1,1,0,0,0,0,1,0,0,105,105,1,0,0.7,0,0,0,0,0,"normal"
0,"tcp","private","S0",0,0,"0",0,0,0,0,"0",0,"0","0",0,0,0,0,0,0,"0",188,4,1,1,0,0,0.02,0.06,0,255,4,0.02,0.07,0,0,1,1,0,0,"dos"
0,"tcp","http","SF",361,6766,"0",0,0,0,0,"1",0,"0","0",0,0,0,0,0,0,"0",4,6,0,0,0,0,1,0,0.33,17,255,1,0,0.06,0.02,0,0,0,0.01,"normal"
0,"tcp","http","SF",296,613,"0",0,0,0,0,"1",0,"0","0",0,0,0,0,0,0,"0",12,12,0,0,0,0,1,0,0,154,255,1,0,0.01,0.02,0.01,0,0,0,"normal"
0,"tcp","http","SF",293,1193,"0",0,0,0,0,"1",0,"0","0",0,0,0,0,0,0,"0",10,12,0,0,0,0,1,0,0.25,255,255,1,0,0,0,0,0,0,0,"normal"
0,"tcp","http","SF",54540,8314,"0",0,0,2,0,"1",1,"0","0",0,0,0,0,0,0,"0",3,3,0,0,0,0,1,0,0,209,209,1,0,0,0,0,0,0.05,0.05,"dos"
1,"tcp","smtp","SF",1247,345,"0",0,0,0,0,"1",0,"0","0",0,0,0,0,0,0,"0",1,3,0,0,0,0,1,0,0.67,30,184,0.9,0.1,0.03,0.01,0,0.01,0,0,"normal"
0,"tcp","private","S0",0,0,"0",0,0,0,0,"0",0,"0","0",0,0,0,0,0,0,"0",251,1,1,1,0,0,0,0.06,0,255,20,0.08,0.08,0,0,1,1,0,0,"dos"
7,"tcp","smtp","SF",882,334,"0",0,0,0,0,"1",0,"0","0",0,0,0,0,0,0,"0",1,1,0,0,0,0,1,0,0,63,192,0.95,0.03,0.02,0.01,0,0,0,0,"normal"
0,"tcp","private","S0",0,0,"0",0,0,0,0,"0",0,"0","0",0,0,0,0,0,0,"0",115,7,1,1,0,0,0.06,0.06,0,255,16,0.06,0.07,0,0,1,1,0,0,"dos"
0,"tcp","http","SF",236,2033,"0",0,0,0,0,"1",0,"0","0",0,0,0,0,0,0,"0",4,4,0,0,0,0,1,0,0,29,255,1,0,0.03,0.03,0,0.01,0,0,"normal"
0,"tcp","private","REJ",0,0,"0",0,0,0,0,"0",0,"0","0",0,0,0,0,0,0,"0",259,12,0,0,1,1,0.05,0.07,0,255,12,0.05,0.09,0,0,0,0,1,1,"dos"
0,"tcp","other","REJ",0,0,"0",0,0,0,0,"0",0,"0","0",0,0,0,0,0,0,"0",509,1,0.22,0,0.77,1,0,1,0,255,1,0,1,0,0,0.16,0,0.84,1,"probe"
0,"tcp","http","SF",221,870,"0",0,0,0,0,"1",0,"0","0",0,0,0,0,0,0,"0",2,2,0,0,0,0,1,0,0,94,255,1,0,0.01,0.09,0,0,0.01,0.53,"normal"
0,"tcp","smtp","SF",957,330,"0",0,0,0,0,"1",0,"0","0",0,0,0,0,0,0,"0",1,4,0,0,0,0,1,0,1,53,168,0.58,0.09,0.02,0.01,0,0,0,0,"normal"
0,"udp","domain_u","SF",46,117,"0",0,0,0,0,"0",0,"0","0",0,0,0,0,0,0,"0",3,8,0,0,0,0,1,0,0.25,255,247,0.97,0.01,0,0,0,0,0,0,"normal"
0,"tcp","smtp","SF",636,330,"0",0,0,0,0,"1",0,"0","0",0,0,0,0,0,0,"0",1,1,0,0,0,0,1,0,0,29,138,0.48,0.1,0.03,0.01,0,0,0,0,"normal"
0,"tcp","private","REJ",0,0,"0",0,0,0,0,"0",0,"0","0",0,0,0,0,0,0,"0",299,20,0,0,1,1,0.07,0.06,0,255,20,0.08,0.08,0,0,0,0,1,1,"dos"
0,"tcp","http","SF",259,327,"0",0,0,0,0,"1",0,"0","0",0,0,0,0,0,0,"0",2,14,0,0,0,0,1,0,0.29,55,255,1,0,0.02,0.01,0,0,0,0,"normal"
0,"tcp","private","S0",0,0,"0",0,0,0,0,"0",0,"0","0",0,0,0,0,0,0,"0",127,2,1,1,0,0,0.02,0.06,0,255,12,0.05,0.07,0,0,1,1,0,0,"dos"
0,"tcp","http","SF",321,2667,"0",0,0,0,0,"1",0,"0","0",0,0,0,0,0,0,"0",3,3,0,0,0,0,1,0,0,15,255,1,0,0.07,0.02,0,0,0,0,"normal"
0,"tcp","ftp_data","SF",8325,0,"0",0,0,0,0,"1",0,"0","0",0,0,0,0,0,0,"0",7,7,0,0,0,0,1,0,0,93,114,0.73,0.05,0.73,0.02,0,0,0,0,"normal"
0,"tcp","private","S0",0,0,"0",0,0,0,0,"0",0,"0","0",0,0,0,0,0,0,"0",263,1,1,1,0,0,0,0.06,0,255,2,0.01,0.07,0,0,1,1,0,0,"dos"
0,"tcp","http","SF",225,398,"0",0,0,0,0,"1",0,"0","0",0,0,0,0,0,0,"0",9,9,0,0,0,0,1,0,0,255,255,1,0,0,0,0,0,0,0,"normal"
0,"tcp","telnet","S0",0,0,"0",0,0,0,0,"0",0,"0","0",0,0,0,0,0,0,"0",13,4,1,1,0,0,0.31,0.31,0,255,64,0.25,0.02,0.01,0,1,1,0,0,"dos"
0,"tcp","http","SF",202,511,"0",0,0,0,0,"1",0,"0","0",0,0,0,0,0,0,"0",3,13,0,0,0,0,1,0,0.31,255,255,1,0,0,0,0,0,0,0,"normal"
0,"tcp","private","S0",0,0,"0",0,0,0,0,"0",0,"0","0",0,0,0,0,0,0,"0",246,7,1,1,0,0,0.03,0.05,0,255,7,0.03,0.05,0,0,1,1,0,0,"dos"
0,"tcp","ftp_data","SF",383,0,"0",0,0,0,0,"1",0,"0","0",0,0,0,0,0,0,"0",2,2,0,0,0,0,1,0,0,41,90,0.17,0.12,0.17,0.02,0,0,0,0,"normal"
0,"tcp","private","S0",0,0,"0",0,0,0,0,"0",0,"0","0",0,0,0,0,0,0,"0",123,19,1,1,0,0,0.15,0.06,0,255,11,0.04,0.06,0,0,1,1,0,0,"dos"
0,"tcp","private","S0",0,0,"0",0,0,0,0,"0",0,"0","0",0,0,0,0,0,0,"0",121,8,1,1,0,0,0.07,0.07,0,255,8,0.03,0.08,0,0,1,1,0,0,"dos"
0,"tcp","http","SF",239,638,"0",0,0,0,0,"1",0,"0","0",0,0,0,0,0,0,"0",3,3,0,0,0,0,1,0,0,70,255,1,0,0.01,0.05,0,0,0,0,"normal"
0,"tcp","http","SF",278,2456,"0",0,0,0,0,"1",0,"0","0",0,0,0,0,0,0,"0",3,3,0,0,0,0,1,0,0,75,173,1,0,0.01,0.01,0,0,0,0,"normal"
0,"tcp","http","SF",280,9238,"0",0,0,0,0,"1",0,"0","0",0,0,0,0,0,0,"0",1,1,0,0,0,0,1,0,0,27,255,1,0,0.04,0.04,0,0,0,0,"normal"
0,"tcp","private","REJ",0,0,"0",0,0,0,0,"0",0,"0","0",0,0,0,0,0,0,"0",222,14,0,0,1,1,0.06,0.06,0,255,14,0.05,0.06,0,0,0,0,1,1,"dos"
0,"tcp","http","SF",54540,8314,"0",0,0,2,0,"1",1,"0","0",0,0,0,0,0,0,"0",3,3,0,0,0,0,1,0,0,66,66,1,0,0.02,0,0.02,0.02,0.02,0.02,"dos"
0,"udp","domain_u","SF",44,71,"0",0,0,0,0,"0",0,"0","0",0,0,0,0,0,0,"0",101,102,0,0,0,0,1,0,0.02,255,254,1,0.01,0,0,0,0,0,0,"normal"
0,"tcp","http","SF",333,857,"0",0,0,0,0,"1",0,"0","0",0,0,0,0,0,0,"0",4,4,0,0,0,0,1,0,0,62,255,1,0,0.02,0.02,0,0,0,0,"normal"
0,"tcp","ftp_data","SF",383,0,"0",0,0,0,0,"1",0,"0","0",0,0,0,0,0,0,"0",2,3,0,0,0,0,1,0,0.67,138,44,0.32,0.04,0.32,0,0,0,0,0,"normal"
0,"tcp","private","REJ",0,0,"0",0,0,0,0,"0",0,"0","0",0,0,0,0,0,0,"0",234,19,0,0,1,1,0.08,0.07,0,255,19,0.07,0.07,0,0,0,0,1,1,"dos"
0,"tcp","http","SF",257,10092,"0",0,0,0,0,"1",0,"0","0",0,0,0,0,0,0,"0",19,20,0,0,0,0,1,0,0.1,255,255,1,0,0,0,0,0,0,0,"normal"
0,"tcp","http","REJ",0,0,"0",0,0,0,0,"0",0,"0","0",0,0,0,0,0,0,"0",1,2,0,0,1,1,1,0,1,1,255,1,0,1,0.25,0,0,1,1,"normal"
0,"tcp","http","SF",328,2056,"0",0,0,0,0,"1",0,"0","0",0,0,0,0,0,0,"0",9,9,0,0,0,0,1,0,0,29,255,1,0,0.03,0.02,0,0,0,0,"normal"
0,"tcp","http","SF",308,1483,"0",0,0,0,0,"1",0,"0","0",0,0,0,0,0,0,"0",8,13,0,0,0,0,1,0,0.23,255,255,1,0,0,0,0,0,0,0,"normal"
0,"tcp","private","S0",0,0,"0",0,0,0,0,"0",0,"0","0",0,0,0,0,0,0,"0",266,10,1,1,0,0,0.04,0.05,0,255,10,0.04,0.05,0,0,1,1,0,0,"dos"
3,"tcp","smtp","SF",1735,333,"0",0,0,0,0,"1",0,"0","0",0,1,0,0,0,0,"0",1,2,0,0,0,0,1,0,1,103,181,0.73,0.04,0.01,0.01,0,0,0,0,"normal"
0,"tcp","private","S0",0,0,"0",0,0,0,0,"0",0,"0","0",0,0,0,0,0,0,"0",138,11,1,1,0,0,0.08,0.06,0,255,10,0.04,0.07,0,0,1,1,0,0,"dos"
0,"tcp","http","SF",303,1721,"0",0,0,0,0,"1",0,"0","0",0,0,0,0,0,0,"0",6,6,0,0,0,0,1,0,0,255,255,1,0,0,0,0.01,0.01,0,0,"normal"
0,"tcp","private","S0",0,0,"0",0,0,0,0,"0",0,"0","0",0,0,0,0,0,0,"0",202,5,1,1,0,0,0.02,0.05,0,255,5,0.02,0.06,0,0,1,1,0,0,"dos"
2450,"udp","other","SF",145,105,"0",0,0,0,0,"0",0,"0","0",0,0,0,0,0,0,"0",1,1,0,0,0,0,1,0,0,255,1,0,0.86,1,0,0,0,0,0,"normal"
0,"tcp","private","REJ",0,0,"0",0,0,0,0,"0",0,"0","0",0,0,0,0,0,0,"0",68,9,0,0,1,1,0.13,0.06,0,255,9,0.04,0.06,0,0,0,0,1,1,"dos"
0,"tcp","http","SF",363,5480,"0",0,0,0,0,"1",0,"0","0",0,0,0,0,0,0,"0",2,4,0,0,0,0,1,0,0.5,68,255,1,0,0.01,0.04,0,0,0,0.02,"normal"
0,"tcp","smtp","SF",1912,328,"0",0,0,0,0,"1",0,"0","0",0,0,0,0,0,0,"0",1,3,0,0,0,0,1,0,1,91,241,0.95,0.02,0.01,0.02,0,0,0,0,"normal"
0,"tcp","http","SF",234,3825,"0",0,0,0,0,"1",0,"0","0",0,0,0,0,0,0,"0",5,5,0,0,0,0,1,0,0,255,255,1,0,0,0,0,0,0,0,"normal"
0,"tcp","http","SF",308,1285,"0",0,0,0,0,"1",0,"0","0",0,0,0,0,0,0,"0",1,1,0,0,0,0,1,0,0,30,231,1,0,0.03,0.03,0,0,0.03,0,"normal"
0,"tcp","http","SF",216,684,"0",0,0,0,0,"1",0,"0","0",0,0,0,0,0,0,"0",28,28,0,0,0,0,1,0,0,101,237,1,0,0.01,0.05,0,0,0,0,"normal"
0,"tcp","smtp","SF",889,336,"0",0,0,0,0,"1",0,"0","0",0,0,0,0,0,0,"0",1,1,0,0,0,0,1,0,0,151,165,0.78,0.03,0.01,0.01,0,0,0,0,"normal"
12,"tcp","smtp","SF",1381,333,"0",0,0,0,0,"1",0,"0","0",0,0,0,0,0,0,"0",1,4,0,0,0,0,1,0,0.75,19,130,0.74,0.16,0.05,0.02,0,0.31,0,0,"normal"
0,"tcp","systat","S0",0,0,"0",0,0,0,0,"0",0,"0","0",0,0,0,0,0,0,"0",269,9,1,1,0,0,0.03,0.06,0,255,9,0.04,0.07,0,0,1,1,0,0,"dos"
