3,HospitalReport,3
0,"tcp","http","SF",281,513,"0",0,0,0,0,"1",0,"0","0",0,0,0,0,0,0,"0",1,5,0,0,0,0,1,0,0.4,1,64,1,0,1,0.05,0,0,0,0.56,"normal"
0,"tcp","http","SF",238,2912,"0",0,0,0,0,"1",0,"0","0",0,0,0,0,0,0,"0",1,15,0,0,0,0,1,0,0.2,9,255,1,0,0.11,0.01,0,0,0,0.01,"normal"
0,"tcp","http","SF",196,377,"0",0,0,0,0,"1",0,"0","0",0,0,0,0,0,0,"0",11,11,0,0,0,0,1,0,0,11,255,1,0,0.09,0.04,0,0,0,0,"normal"
0,"tcp","private","S0",0,0,"0",0,0,0,0,"0",0,"0","0",0,0,0,0,0,0,"0",113,6,1,1,0,0,0.05,0.06,0,255,6,0.02,0.06,0,0,1,1,0,0,"dos"
0,"tcp","http","REJ",0,0,"0",0,0,0,0,"0",0,"0","0",0,0,0,0,0,0,"0",1,1,0,0,1,1,1,0,0,2,64,1,0,0.5,0.2,0,0,1,1,"normal"
0,"tcp","private","S0",0,0,"0",0,0,0,0,"0",0,"0","0",0,0,0,0,0,0,"0",223,9,1,1,0,0,0.04,0.05,0,255,9,0.04,0.06,0,0,1,1,0,0,"dos"
0,"udp","domain_u","SF",35,95,"0",0,0,0,0,"0",0,"0","0",0,0,0,0,0,0,"0",1,1,0,0,0,0,1,0,0,253,249,0.98,0.01,0,0,0,0,0,0,"normal"
0,"udp","domain_u","SF",45,134,"0",0,0,0,0,"0",0,"0","0",0,0,0,0,0,0,"0",34,114,0,0,0,0,1,0,0.02,255,254,1,0.01,0,0,0,0,0,0,"normal"
0,"tcp","iso_tsap","S0",0,0,"0",0,0,0,0,"0",0,"0","0",0,0,0,0,0,0,"0",226,12,1,1,0,0,0.05,0.06,0,255,12,0.05,0.06,0,0,1,1,0,0,"dos"
0,"icmp","ecr_i","SF",1480,0,"0",1,0,0,0,"0",0,"0","0",0,0,0,0,0,0,"0",1,3,0,0,0,0,1,0,0.67,1,151,1,0,1,0.09,0,0,0,0,"dos"
0,"tcp","smtp","SF",568,330,"0",0,0,0,0,"1",0,"0","0",0,0,0,0,0,0,"0",1,1,0,0,0,0,1,0,0,255,145,0.57,0.02,0,0,0,0,0,0,"normal"
0,"tcp","http","SF",325,835,"0",0,0,0,0,"1",0,"0","0",0,0,0,0,0,0,"0",13,15,0,0,0,0,1,0,0.2,50,219,1,0,0.02,0.03,0,0,0,0,"normal"
0,"tcp","http","SF",211,1422,"0",0,0,0,0,"1",0,"0","0",0,0,0,0,0,0,"0",6,11,0,0,0,0,1,0,0.36,57,255,1,0,0.02,0.01,0,0,0,0,"normal"
0,"tcp","http","SF",355,1315,"0",0,0,0,0,"1",0,"0","0",0,0,0,0,0,0,"0",2,2,0,0,0,0,1,0,0,255,255,1,0,0,0,0,0,0,0,"normal"
0,"tcp","http","SF",212,255,"0",0,0,0,0,"1",0,"0","0",0,0,0,0,0,0,"0",12,26,0,0,0,0.04,1,0,0.27,49,255,1,0,0.02,0.03,0,0,0,0,"normal"
0,"tcp","private","S0",0,0,"0",0,0,0,0,"0",0,"0","0",0,0,0,0,0,0,"0",104,6,1,1,0,0,0.06,0.06,0,255,6,0.02,0.05,0,0,1,1,0,0,"dos"
0,"tcp","private","S0",0,0,"0",0,0,0,0,"0",0,"0","0",0,0,0,0,0,0,"0",288,8,1,1,0,0,0.03,0.06,0,255,10,0.04,0.07,0,0,1,1,0,0,"dos"
0,"tcp","private","REJ",0,0,"0",0,0,0,0,"0",0,"0","0",0,0,0,0,0,0,"0",122,14,0,0,1,1,0.11,0.07,0,255,14,0.05,0.07,0,0,0,0,1,1,"dos"
0,"tcp","http","REJ",0,0,"0",0,0,0,0,"0",0,"0","0",0,0,0,0,0,0,"0",1,1,0,0,1,1,1,0,0,29,29,1,0,0.03,0,0,0,1,1,"normal"
0,"tcp","http","SF",292,8263,"0",0,0,0,0,"1",0,"0","0",0,0,0,0,0,0,"0",21,21,0,0,0,0,1,0,0,62,255,1,0,0.02,0.04,0,0.01,0,0,"normal"
0,"tcp","ftp_data","SF",12241,0,"0",0,0,0,0,"0",0,"0","0",0,0,0,0,0,0,"0",7,7,0,0,0,0,1,0,0,47,13,0.28,0.06,0.28,0,0,0,0,0,"normal"
0,"tcp","http","SF",207,9486,"0",0,0,0,0,"1",0,"0","0",0,0,0,0,0,0,"0",1,1,0,0,0,0,1,0,0,36,80,1,0,0.03,0.05,0,0,0,0,"normal"
0,"tcp","private","S0",0,0,"0",0,0,0,0,"0",0,"0","0",0,0,0,0,0,0,"0",108,2,1,1,0,0,0.02,0.06,0,255,2,0.01,0.06,0,0,1,1,0,0,"dos"
0,"tcp","http","SF",308,392,"0",0,0,0,0,"1",0,"0","0",0,0,0,0,0,0,"0",11,11,0,0,0,0,1,0,0,255,255,1,0,0,0,0,0,0,0,"normal"
0,"tcp","http","SF",333,1347,"0",0,0,0,0,"1",0,"0","0",0,0,0,0,0,0,"0",2,7,0,0,0,0,1,0,0.57,255,255,1,0,0,0,0.01,0.01,0,0,"normal"
0,"tcp","http","SF",236,1212,"0",0,0,0,0,"1",0,"0","0",0,0,0,0,0,0,"0",12,13,0,0,0,0,1,0,0.15,255,255,1,0,0,0,0,0,0,0,"normal"
0,"tcp","private","S0",0,0,"0",0,0,0,0,"0",0,"0","0",0,0,0,0,0,0,"0",207,14,1,1,0,0,0.07,0.06,0,255,14,0.05,0.06,0,0,1,1,0,0,"dos"
0,"tcp","http","SF",335,721,"0",0,0,0,0,"1",0,"0","0",0,0,0,0,0,0,"0",32,33,0,0,0,0,1,0,0.06,255,255,1,0,0,0,0,0,0,0,"normal"
0,"tcp","private","S0",0,0,"0",0,0,0,0,"0",0,"0","0",0,0,0,0,0,0,"0",211,7,1,1,0,0,0.03,0.06,0,255,7,0.03,0.07,0,0,1,1,0,0,"dos"
0,"tcp","private","S0",0,0,"0",0,0,0,0,"0",0,"0","0",0,0,0,0,0,0,"0",125,12,1,1,0,0,0.1,0.06,0,255,12,0.05,0.05,0,0,1,1,0,0,"dos"
2422,"udp","other","SF",146,105,"0",0,0,0,0,"0",0,"0","0",0,0,0,0,0,0,"0",1,1,0,0,0,0,1,0,0,255,1,0,0.83,1,0,0,0,0,0,"normal"
0,"tcp","http","REJ",0,0,"0",0,0,0,0,"0",0,"0","0",0,0,0,0,0,0,"0",1,1,0,0,1,1,1,0,0,2,255,1,0,0.5,0.18,0,0,1,0.97,"normal"
0,"tcp","private","S0",0,0,"0",0,0,0,0,"0",0,"0","0",0,0,0,0,0,0,"0",114,14,1,1,0,0,0.12,0.06,0,255,6,0.02,0.06,0,0,1,1,0,0,"dos"
0,"tcp","http","SF",322,4165,"0",0,0,0,0,"1",0,"0","0",0,0,0,0,0,0,"0",2,2,0,0,0,0,1,0,0,61,255,1,0,0.02,0.05,0,0,0,0,"normal"
0,"tcp","private","S0",0,0,"0",0,0,0,0,"0",0,"0","0",0,0,0,0,0,0,"0",227,15,1,1,0,0,0.07,0.06,0,255,15,0.06,0.09,0,0,1,1,0,0,"dos"
0,"tcp","http","SF",171,2924,"0",0,0,0,0,"1",0,"0","0",0,0,0,0,0,0,"0",19,19,0,0,0,0,1,0,0,112,255,1,0,0.01,0.02,0,0.01,0,0,"normal"
0,"tcp","private","REJ",0,0,"0",0,0,0,0,"0",0,"0","0",0,0,0,0,0,0,"0",232,5,0,0,1,1,0.02,0.06,0,255,5,0.02,0.07,0,0,0,0,1,1,"dos"
2,"tcp","smtp","SF",1437,328,"0",0,0,0,0,"1",0,"0","0",0,0,0,0,0,0,"0",1,5,0,0,0,0,1,0,1,68,237,0.91,0.04,0.01,0.01,0,0,0,0,"normal"
0,"udp","domain_u","SF",45,73,"0",0,0,0,0,"0",0,"0","0",0,0,0,0,0,0,"0",153,153,0,0,0,0,1,0,0,255,225,0.88,0.01,0,0,0,0,0,0,"normal"
0,"tcp","smtp","SF",2910,328,"0",0,0,0,0,"1",0,"0","0",0,0,0,0,0,0,"0",1,1,0,0,0,0,1,0,0,49,19,0.39,0.12,0.02,0,0,0,0,0,"normal"
0,"tcp","http","SF",331,5374,"0",0,0,0,0,"1",0,"0","0",0,0,0,0,0,0,"0",8,8,0,0,0,0,1,0,0,30,255,1,0,0.03,0.04,0,0,0,0,"normal"
0,"tcp","http","SF",164,16963,"0",0,0,0,0,"1",0,"0","0",0,0,0,0,0,0,"0",1,4,0,0,0,0,1,0,0.5,255,255,1,0,0,0,0,0,0,0,"normal"
0,"tcp","private","S0",0,0,"0",0,0,0,0,"0",0,"0","0",0,0,0,0,0,0,"0",98,5,1,1,0,0,0.05,0.07,0,255,11,0.04,0.07,0,0,1,1,0,0,"dos"
0,"tcp","http","SF",155,623,"0",0,0,0,0,"1",0,"0","0",0,0,0,0,0,0,"0",7,7,0,0,0,0,1,0,0,7,236,1,0,0.14,0.05,0,0,0,0.76,"normal"
0,"tcp","private","REJ",0,0,"0",0,0,0,0,"0",0,"0","0",0,0,0,0,0,0,"0",103,1,0,0,1,1,0.01,0.08,0,255,1,0,0.07,0,0,0,0,1,1,"dos"
0,"tcp","http","SF",319,2868,"0",0,0,0,0,"1",0,"0","0",0,0,0,0,0,0,"0",13,13,0,0,0,0,1,0,0,13,255,1,0,0.08,0.01,0,0,0,0,"normal"
0,"tcp","private","S0",0,0,"0",0,0,0,0,"0",0,"0","0",0,0,0,0,0,0,"0",132,16,0.99,1,0,0,0.12,0.07,0,255,16,0.06,0.06,0,0,1,1,0,0,"dos"
0,"tcp","http","SF",233,1024,"0",0,0,0,0,"1",0,"0","0",0,0,0,0,0,0,"0",2,4,0,0,0,0,1,0,0.5,24,33,1,0,0.04,0.15,0,0,0,0,"normal"
0,"tcp","http","SF",306,2239,"0",0,0,0,0,"1",0,"0","0",0,0,0,0,0,0,"0",4,4,0,0,0,0,1,0,0,255,253,0.99,0.01,0,0,0,0,0,0,"normal"
0,"tcp","http","SF",297,5077,"0",0,0,0,0,"1",0,"0","0",0,0,0,0,0,0,"0",2,2,0,0,0,0,1,0,0,22,255,1,0,0.05,0.08,0,0,0,0,"normal"
0,"tcp","private","S0",0,0,"0",0,0,0,0,"0",0,"0","0",0,0,0,0,0,0,"0",89,18,1,1,0,0,0.2,0.06,0,255,11,0.04,0.06,0,0,1,1,0,0,"dos"
0,"tcp","private","S0",0,0,"0",0,0,0,0,"0",0,"0","0",0,0,0,0,0,0,"0",131,1,1,1,0,0,0.01,0.06,0,255,1,0,0.07,0,0,1,1,0,0,"dos"
0,"udp","private","SF",28,0,"0",3,0,0,0,"0",0,"0","0",0,0,0,0,0,0,"0",81,81,0,0,0,0,1,0,0,153,81,0.53,0.03,0.53,0,0,0,0,0,"dos"
0,"tcp","private","S0",0,0,"0",0,0,0,0,"0",0,"0","0",0,0,0,0,0,0,"0",262,2,1,1,0,0,0.01,0.06,0,255,2,0.01,0.07,0,0,1,1,0,0,"dos"
0,"tcp","http","SF",204,3776,"0",0,0,0,0,"1",0,"0","0",0,0,0,0,0,0,"0",1,4,0,0,0,0,1,0,0.75,5,255,1,0,0.2,0.05,0,0,0,0,"normal"
0,"tcp","http","SF",301,1201,"0",0,0,0,0,"1",0,"0","0",0,0,0,0,0,0,"0",2,2,0,0,0,0,1,0,0,31,255,1,0,0.03,0.03,0,0,0,0,"normal"
0,"udp","domain_u","SF",44,110,"0",0,0,0,0,"0",0,"0","0",0,0,0,0,0,0,"0",33,101,0,0,0,0,1,0,0.02,189,139,0.74,0.01,0.01,0,0,0,0,0,"normal"
669,"udp","other","SF",147,105,"0",0,0,0,0,"0",0,"0","0",0,0,0,0,0,0,"0",6,2,0,0,0,0,0.33,0.5,0,255,2,0.01,0.13,0.22,0,0,0,0,0,"normal"
0,"tcp","private","S0",0,0,"0",0,0,0,0,"0",0,"0","0",0,0,0,0,0,0,"0",230,2,1,1,0,0,0.01,0.05,0,255,2,0.01,0.06,0,0,1,1,0,0,"dos"
0,"tcp","http","SF",237,4326,"0",0,0,0,0,"1",0,"0","0",0,0,0,0,0,0,"0",3,3,0,0,0,0,1,0,0,146,255,1,0,0.01,0.02,0.01,0,0,0,"normal"
0,"tcp","private","S0",0,0,"0",0,0,0,0,"0",0,"0","0",0,0,0,0,0,0,"0",238,12,1,1,0,0,0.05,0.06,0,255,3,0.01,0.07,0,0,1,1,0,0,"dos"
0,"tcp","http","S0",0,0,"0",0,0,0,0,"0",0,"0","0",0,0,0,0,0,0,"0",268,10,1,0.9,0,0.1,0.03,0.06,0.2,255,2,0.01,0.07,0,0,1,1,0,0,"dos"
0,"tcp","private","REJ",0,0,"0",0,0,0,0,"0",0,"0","0",0,0,0,0,0,0,"0",133,6,0,0,1,1,0.05,0.06,0,255,6,0.02,0.06,0,0,0,0,1,1,"dos"
0,"tcp","http","SF",332,4162,"0",0,0,0,0,"1",0,"0","0",0,0,0,0,0,0,"0",17,17,0,0,0,0,1,0,0,124,255,1,0,0.01,0.01,0,0,0,0,"normal"
0,"tcp","http","REJ",0,0,"0",0,0,0,0,"0",0,"0","0",0,0,0,0,0,0,"0",1,1,0,0,1,1,1,0,0,40,255,1,0,0.03,0.1,0,0,0.5,0.91,"normal"
0,"tcp","smtp","SF",1598,330,"0",0,0,0,0,"1",0,"0","0",0,0,0,1,0,0,"0",1,1,0,0,0,0,1,0,0,167,166,0.63,0.03,0.01,0.01,0,0,0,0,"normal"
0,"tcp","http","SF",253,255,"0",0,0,0,0,"1",0,"0","0",0,0,0,0,0,0,"0",15,15,0,0,0,0,1,0,0,255,255,1,0,0,0,0,0,0,0,"normal"
0,"tcp","private","S0",0,0,"0",0,0,0,0,"0",0,"0","0",0,0,0,0,0,0,"0",240,8,1,1,0,0,0.03,0.06,0,255,8,0.03,0.07,0,0,1,1,0,0,"dos"
0,"tcp","http","SF",315,1231,"0",0,0,0,0,"1",0,"0","0",0,0,0,0,0,0,"0",15,15,0,0,0,0,1,0,0,213,255,1,0,0,0.02,0,0,0,0,"normal"
0,"tcp","private","REJ",0,0,"0",0,0,0,0,"0",0,"0","0",0,0,0,0,0,0,"0",287,14,0,0,1,1,0.05,0.06,0,255,14,0.05,0.09,0,0,0,0,1,1,"dos"
0,"tcp","http","SF",282,4929,"0",0,0,0,0,"1",0,"0","0",0,0,0,0,0,0,"0",4,4,0,0,0,0,1,0,0,255,255,1,0,0,0,0,0,0,0,"normal"
0,"tcp","private","S0",0,0,"0",0,0,0,0,"0",0,"0","0",0,0,0,0,0,0,"0",104,4,1,1,0,0,0.04,0.07,0,255,4,0.02,0.08,0,0,1,1,0,0,"dos"
1,"tcp","http","SF",54540,8314,"0",0,0,2,0,"1",1,"0","0",0,0,0,0,0,0,"0",3,3,0,0,0,0,1,0,0,255,255,1,0,0,0,0.01,0.01,0.02,0.02,"dos"
0,"tcp","http","SF",237,238,"0",0,0,0,0,"1",0,"0","0",0,0,0,0,0,0,"0",2,5,0,0,0,0,1,0,0.6,2,248,1,0,0.5,0.04,0,0,0,0,"normal"
0,"tcp","http","SF",204,1896,"0",0,0,0,0,"1",0,"0","0",0,0,0,0,0,0,"0",3,3,0,0,0,0,1,0,0,255,255,1,0,0,0,0,0,0,0,"normal"
0,"tcp","finger","SF",8,141,"0",0,0,0,0,"0",0,"0","0",0,0,0,0,0,0,"0",1,1,0,0,0,0,1,0,0,205,7,0.03,0.03,0,0,0,0,0,0,"normal"
0,"tcp","private","S0",0,0,"0",0,0,0,0,"0",0,"0","0",0,0,0,0,0,0,"0",125,16,1,1,0,0,0.13,0.06,0,255,15,0.06,0.07,0,0,1,1,0,0,"dos"
0,"tcp","http","SF",245,9974,"0",0,0,0,0,"1",0,"0","0",0,0,0,0,0,0,"0",19,19,0,0,0,0,1,0,0,255,255,1,0,0,0,0,0,0,0,"normal"
0,"tcp","netstat","S0",0,0,"0",0,0,0,0,"0",0,"0","0",0,0,0,0,0,0,"0",206,5,1,1,0,0,0.02,0.06,0,255,5,0.02,0.06,0,0,1,1,0,0,"dos"
0,"tcp","http","SF",212,1994,"0",0,0,0,0,"1",0,"0","0",0,0,0,0,0,0,"0",1,1,0,0,0,0,1,0,0,13,255,1,0,0.08,0.09,0,0,0,0,"normal"
0,"tcp","private","REJ",0,0,"0",0,0,0,0,"0",0,"0","0",0,0,0,0,0,0,"0",122,15,0,0,1,1,0.12,0.07,0,255,15,0.06,0.08,0,0,0,0,1,1,"dos"
0,"tcp","private","REJ",0,0,"0",0,0,0,0,"0",0,"0","0",0,0,0,0,0,0,"0",126,4,0,0,1,1,0.03,0.06,0,255,4,0.02,0.06,0,0,0,0,1,1,"dos"
0,"tcp","smtp","SF",999,367,"0",0,0,0,0,"1",0,"0","0",0,0,0,0,0,0,"0",1,2,0,0,0,0,1,0,1,76,122,0.72,0.04,0.01,0.02,0,0,0,0,"normal"
0,"tcp","http","SF",193,327,"0",0,0,0,0,"1",0,"0","0",0,0,0,0,0,0,"0",36,39,0,0,0,0,1,0,0.08,77,255,1,0,0.01,0.02,0,0,0,0,"normal"
0,"tcp","private","S0",0,0,"0",0,0,0,0,"0",0,"0","0",0,0,0,0,0,0,"0",143,14,1,1,0,0,0.1,0.06,0,255,8,0.03,0.07,0,0,1,1,0,0,"dos"
0,"tcp","rje","S0",0,0,"0",0,0,0,0,"0",0,"0","0",0,0,0,0,0,0,"0",222,19,1,1,0,0,0.09,0.05,0,255,19,0.07,0.05,0,0,1,1,0,0,"dos"
0,"tcp","http","SF",333,3516,"0",0,0,0,0,"1",0,"0","0",0,0,0,0,0,0,"0",30,30,0,0,0,0,1,0,0,255,255,1,0,0,0,0,0,0,0,"normal"
0,"icmp","eco_i","SF",18,0,"0",0,0,0,0,"0",0,"0","0",0,0,0,0,0,0,"0",1,1,0,0,0,0,1,0,0,2,202,1,0,1,0.25,0,0,0,0,"probe"
0,"tcp","private","S0",0,0,"0",0,0,0,0,"0",0,"0","0",0,0,0,0,0,0,"0",126,17,1,1,0,0,0.13,0.07,0,255,17,0.07,0.07,0,0,1,1,0,0,"dos"
4,"tcp","smtp","SF",1621,337,"0",0,0,0,0,"1",0,"0","0",0,0,0,0,0,0,"0",1,2,0,0,0,0,1,0,1,139,146,0.51,0.04,0.01,0.01,0,0.01,0,0,"normal"
0,"tcp","private","S0",0,0,"0",0,0,0,0,"0",0,"0","0",0,0,0,0,0,0,"0",121,1,1,1,0,0,0.01,0.06,0,255,20,0.08,0.07,0,0,1,1,0,0,"dos"
0,"tcp","private","S0",0,0,"0",0,0,0,0,"0",0,"0","0",0,0,0,0,0,0,"0",138,15,1,1,0,0,0.11,0.06,0,255,15,0.06,0.07,0,0,1,1,0,0,"dos"
0,"tcp","http","SF",344,513,"0",0,0,0,0,"1",0,"0","0",0,0,0,0,0,0,"0",16,35,0,0,0,0,1,0,0.09,255,255,1,0,0,0,0,0,0,0,"normal"
9,"udp","private","SF",105,145,"0",0,0,0,0,"0",0,"0","0",0,0,0,0,0,0,"0",2,2,0,0,0,0,1,0,0,31,31,1,0,0.1,0,0,0,0,0,"normal"
0,"tcp","http","SF",239,1603,"0",0,0,0,0,"1",0,"0","0",0,0,0,0,0,0,"0",73,73,0,0,0,0,1,0,0,128,255,1,0,0.01,0.02,0,0,0,0,"normal"
0,"tcp","http","SF",281,2408,"0",0,0,0,0,"1",0,"0","0",0,0,0,0,0,0,"0",12,16,0,0,0,0,1,0,0.12,255,255,1,0,0,0,0,0,0,0,"normal"
0,"tcp","http","SF",214,1721,"0",0,0,0,0,"1",0,"0","0",0,0,0,0,0,0,"0",11,11,0,0,0,0,1,0,0,255,255,1,0,0,0,0,0,0,0,"normal"
0,"tcp","uucp","S0",0,0,"0",0,0,0,0,"0",0,"0","0",0,0,0,0,0,0,"0",146,22,1,1,0,0,0.15,0.05,0,255,22,0.09,0.05,0,0,1,1,0,0,"dos"
2,"tcp","smtp","SF",1173,327,"0",0,0,0,0,"1",0,"0","0",0,0,0,0,0,0,"0",1,1,0,0,0,0,1,0,0,53,163,0.79,0.11,0.02,0.01,0.02,0.02,0,0,"normal"
0,"udp","private","SF",105,147,"0",0,0,0,0,"0",0,"0","0",0,0,0,0,0,0,"0",2,2,0,0,0,0,1,0,0,255,231,0.91,0.01,0.01,0,0,0,0,0,"normal"
