4,ObtainClaimService,2
0,"tcp","http","SF",248,302,"0",0,0,0,0,"1",0,"0","0",0,0,0,0,0,0,"0",2,2,0,0,0,0,1,0,0,83,255,1,0,0.01,0.05,0,0,0,0,"normal"
0,"tcp","http","SF",321,1247,"0",0,0,0,0,"1",0,"0","0",0,0,0,0,0,0,"0",13,13,0,0,0,0,1,0,0,255,255,1,0,0,0,0,0,0,0,"normal"
0,"tcp","private","REJ",0,0,"0",0,0,0,0,"0",0,"0","0",0,0,0,0,0,0,"0",109,16,0,0,1,1,0.15,0.06,0,255,16,0.06,0.07,0,0,0,0,1,1,"dos"
4,"tcp","smtp","SF",1898,375,"0",0,0,0,0,"1",0,"0","0",0,0,0,0,0,0,"0",1,1,0,0,0,0,1,0,0,47,149,0.81,0.06,0.02,0.01,0,0,0,0,"normal"
0,"tcp","http","SF",228,16617,"0",0,0,0,0,"1",0,"0","0",0,0,0,0,0,0,"0",5,8,0,0,0,0,1,0,0.25,255,255,1,0,0,0,0,0,0,0,"normal"
0,"tcp","private","S0",0,0,"0",0,0,0,0,"0",0,"0","0",0,0,0,0,0,0,"0",278,17,1,1,0,0,0.06,0.06,0,255,17,0.07,0.08,0,0,1,1,0,0,"dos"
0,"tcp","http","SF",208,3073,"0",0,0,0,0,"1",0,"0","0",0,0,0,0,0,0,"0",1,2,0,0,0,0,1,0,1,93,255,1,0,0.01,0.04,0,0,0,0,"normal"
0,"tcp","http","SF",298,3280,"0",0,0,0,0,"1",0,"0","0",0,0,0,0,0,0,"0",4,5,0,0,0,0,1,0,0.4,6,255,1,0,0.17,0.02,0,0,0,0,"normal"
0,"tcp","http","SF",216,425,"0",0,0,0,0,"1",0,"0","0",0,0,0,0,0,0,"0",9,9,0,0,0,0,1,0,0,36,255,1,0,0.03,0.01,0,0,0,0,"normal"
0,"tcp","private","S0",0,0,"0",0,0,0,0,"0",0,"0","0",0,0,0,0,0,0,"0",224,2,1,1,0,0,0.01,0.07,0,255,2,0.01,0.07,0,0,1,1,0,0,"dos"
0,"tcp","http","SF",341,451,"0",0,0,0,0,"1",0,"0","0",0,0,0,0,0,0,"0",6,6,0,0,0,0,1,0,0,49,255,1,0,0.02,0.04,0,0.01,0,0,"normal"
0,"tcp","private","S0",0,0,"0",0,0,0,0,"0",0,"0","0",0,0,0,0,0,0,"0",204,24,1,1,0,0,0.12,0.06,0,255,24,0.09,0.06,0,0,1,1,0,0,"dos"
0,"tcp","private","S0",0,0,"0",0,0,0,0,"0",0,"0","0",0,0,0,0,0,0,"0",236,13,1,1,0,0,0.06,0.06,0,255,12,0.05,0.08,0,0,1,1,0,0,"dos"
0,"tcp","private","S0",0,0,"0",0,0,0,0,"0",0,"0","0",0,0,0,0,0,0,"0",213,3,1,1,0,0,0.01,0.06,0,255,3,0.01,0.05,0,0,1,1,0,0,"dos"
0,"tcp","http","SF",231,482,"0",0,0,0,0,"1",0,"0","0",0,0,0,0,0,0,"0",2,2,0,0,0,0,1,0,0,255,255,1,0,0,0,0,0,0,0,"normal"
1,"udp","domain_u","SF",42,42,"0",0,0,0,0,"0",0,"0","0",0,0,0,0,0,0,"0",11,19,0,0,0,0,1,0,0.16,255,255,1,0,0,0,0,0,0,0,"normal"
0,"tcp","http","SF",228,2278,"0",0,0,0,0,"1",0,"0","0",0,0,0,0,0,0,"0",5,5,0,0,0,0,1,0,0,255,255,1,0,0,0,0.01,0.01,0,0,"normal"
0,"tcp","private","S0",0,0,"0",0,0,0,0,"0",0,"0","0",0,0,0,0,0,0,"0",275,14,1,1,0,0,0.05,0.05,0,255,14,0.05,0.05,0,0,1,1,0,0,"dos"
0,"tcp","private","S0",0,0,"0",0,0,0,0,"0",0,"0","0",0,0,0,0,0,0,"0",232,9,1,1,0,0,0.04,0.06,0,255,8,0.03,0.09,0,0,1,1,0,0,"dos"
0,"tcp","private","S0",0,0,"0",0,0,0,0,"0",0,"0","0",0,0,0,0,0,0,"0",211,6,1,1,0,0,0.03,0.07,0,255,6,0.02,0.05,0,0,1,1,0,0,"dos"
0,"tcp","private","REJ",0,0,"0",0,0,0,0,"0",0,"0","0",0,0,0,0,0,0,"0",224,8,0,0,1,1,0.04,0.06,0,255,8,0.03,0.06,0,0,0,0,1,1,"dos"
0,"tcp","http","REJ",0,0,"0",0,0,0,0,"0",0,"0","0",0,0,0,0,0,0,"0",1,1,0,0,1,1,1,0,0,4,69,1,0,0.25,0.2,0,0,1,1,"normal"
0,"tcp","http","SF",254,929,"0",0,0,0,0,"1",0,"0","0",0,0,0,0,0,0,"0",3,4,0,0,0,0,1,0,0.5,255,255,1,0,0,0,0,0,0,0,"normal"
0,"tcp","private","REJ",0,0,"0",0,0,0,0,"0",0,"0","0",0,0,0,0,0,0,"0",91,13,0,0,1,1,0.14,0.05,0,255,13,0.05,0.07,0,0,0,0,1,1,"dos"
0,"tcp","private","REJ",0,0,"0",0,0,0,0,"0",0,"0","0",0,0,0,0,0,0,"0",189,11,0,0,1,1,0.06,0.06,0,255,11,0.04,0.08,0,0,0,0,1,1,"dos"
0,"tcp","private","S0",0,0,"0",0,0,0,0,"0",0,"0","0",0,0,0,0,0,0,"0",121,12,1,1,0,0,0.1,0.07,0,255,12,0.05,0.07,0,0,1,1,0,0,"dos"
0,"udp","domain_u","SF",36,0,"0",0,0,0,0,"0",0,"0","0",0,0,0,0,0,0,"0",3,3,0,0,0,0,1,0,0,16,16,1,0,1,0,0,0,0,0,"normal"
0,"tcp","http","SF",299,12161,"0",0,0,0,0,"1",0,"0","0",0,0,0,0,0,0,"0",10,10,0,0,0,0,1,0,0,255,255,1,0,0,0,0,0,0,0,"normal"
0,"tcp","private","REJ",0,0,"0",0,0,0,0,"0",0,"0","0",0,0,0,0,0,0,"0",132,16,0,0,1,1,0.12,0.06,0,255,16,0.06,0.06,0,0,0,0,1,1,"dos"
0,"tcp","private","S0",0,0,"0",0,0,0,0,"0",0,"0","0",0,0,0,0,0,0,"0",274,7,1,1,0,0,0.03,0.06,0,255,7,0.03,0.07,0,0,1,1,0,0,"dos"
0,"tcp","private","S0",0,0,"0",0,0,0,0,"0",0,"0","0",0,0,0,0,0,0,"0",107,20,1,1,0,0,0.19,0.06,0,255,20,0.08,0.07,0,0,1,1,0,0,"dos"
0,"tcp","smtp","SF",912,331,"0",0,0,0,0,"1",0,"0","0",0,0,0,0,0,0,"0",1,1,0,0,0,0,1,0,0,17,15,0.88,0.18,0.06,0,0,0,0,0,"normal"
0,"tcp","http","SF",256,25114,"0",0,0,0,0,"1",0,"0","0",0,0,0,0,0,0,"0",1,16,0,0,0,0,1,0,0.12,218,255,1,0,0,0.01,0,0,0,0,"normal"
0,"tcp","private","S0",0,0,"0",0,0,0,0,"0",0,"0","0",0,0,0,0,0,0,"0",203,14,1,1,0,0,0.07,0.06,0,255,13,0.05,0.07,0,0,1,1,0,0,"dos"
1,"tcp","smtp","SF",1483,335,"0",0,0,0,0,"1",0,"0","0",0,0,0,0,0,0,"0",1,1,0,0,0,0,1,0,0,235,147,0.63,0.02,0,0,0,0,0,0,"normal"
0,"tcp","http","SF",298,17071,"0",0,0,0,0,"1",0,"0","0",0,0,0,0,0,0,"0",3,3,0,0,0,0,1,0,0,8,255,1,0,0.12,0.05,0,0,0,0,"normal"
0,"tcp","private","REJ",0,0,"0",0,0,0,0,"0",0,"0","0",0,0,0,0,0,0,"0",234,17,0,0,1,1,0.07,0.06,0,255,17,0.07,0.06,0,0,0,0,1,1,"dos"
0,"tcp","ftp_data","SF",59,0,"0",0,0,0,0,"1",0,"0","0",0,0,0,0,0,0,"0",12,12,0,0,0,0,1,0,0,63,33,0.37,0.05,0.37,0.06,0,0,0,0,"normal"
0,"tcp","http","REJ",0,0,"0",0,0,0,0,"0",0,"0","0",0,0,0,0,0,0,"0",1,1,0,0,1,1,1,0,0,117,255,1,0,0.01,0.06,0,0,0.85,0.75,"normal"
0,"tcp","http","SF",366,253,"0",0,0,0,0,"1",0,"0","0",0,0,0,0,0,0,"0",12,12,0,0,0,0,1,0,0,255,255,1,0,0,0,0,0,0,0,"normal"
0,"tcp","private","S0",0,0,"0",0,0,0,0,"0",0,"0","0",0,0,0,0,0,0,"0",195,6,1,1,0,0,0.03,0.06,0,255,6,0.02,0.05,0,0,1,1,0,0,"dos"
0,"tcp","http","SF",316,626,"0",0,0,0,0,"1",0,"0","0",0,0,0,0,0,0,"0",17,17,0,0,0,0,1,0,0,255,255,1,0,0,0,0,0,0,0,"normal"
0,"tcp","http","SF",312,31011,"0",0,0,0,0,"1",0,"0","0",0,0,0,0,0,0,"0",4,5,0,0,0,0,1,0,0.4,12,255,1,0,0.08,0.03,0,0,0,0,"normal"
0,"tcp","private","REJ",0,0,"0",0,0,0,0,"0",0,"0","0",0,0,0,0,0,0,"0",228,17,0,0,1,1,0.07,0.07,0,255,17,0.07,0.09,0,0,0,0,1,1,"dos"
0,"tcp","http","SF",205,1718,"0",0,0,0,0,"1",0,"0","0",0,0,0,0,0,0,"0",13,13,0,0,0,0,1,0,0,220,255,1,0,0,0.01,0,0,0,0,"normal"
0,"tcp","http","SF",303,882,"0",0,0,0,0,"1",0,"0","0",0,0,0,0,0,0,"0",6,6,0,0,0,0,1,0,0,255,255,1,0,0,0,0,0,0,0,"normal"
0,"tcp","private","S0",0,0,"0",0,0,0,0,"0",0,"0","0",0,0,0,0,0,0,"0",46,12,1,1,0,0,0.26,0.09,0,255,12,0.05,0.08,0,0,1,1,0,0,"dos"
0,"tcp","http","SF",302,1491,"0",0,0,0,0,"1",0,"0","0",0,0,0,0,0,0,"0",15,15,0,0,0,0,1,0,0,255,255,1,0,0.01,0,0,0,0,0,"normal"
0,"tcp","private","S0",0,0,"0",0,0,0,0,"0",0,"0","0",0,0,0,0,0,0,"0",241,20,1,1,0,0,0.08,0.05,0,255,20,0.08,0.07,0,0,1,1,0,0,"dos"
0,"tcp","http","SF",320,664,"0",0,0,0,0,"1",0,"0","0",0,0,0,0,0,0,"0",19,20,0,0,0,0,1,0,0.1,255,255,1,0,0,0,0,0,0,0,"normal"
0,"tcp","http","SF",321,1940,"0",0,0,0,0,"1",0,"0","0",0,0,0,0,0,0,"0",9,9,0,0,0,0,1,0,0,9,255,1,0,0.11,0.05,0,0,0,0,"normal"
0,"tcp","http","SF",257,818,"0",0,0,0,0,"1",0,"0","0",0,0,0,0,0,0,"0",12,12,0,0,0,0,1,0,0,44,179,1,0,0.02,0.03,0,0,0,0,"normal"
0,"tcp","other","S0",0,0,"0",0,0,0,0,"0",0,"0","0",0,0,0,0,0,0,"0",509,1,0.28,1,0.71,0,0,1,0,255,1,0,1,0,0,0.28,1,0.7,0,"probe"
0,"tcp","http","SF",298,1269,"0",0,0,0,0,"1",0,"0","0",0,0,0,0,0,0,"0",8,11,0,0,0,0,1,0,0.27,255,255,1,0,0,0,0,0,0,0,"normal"
0,"tcp","private","S0",0,0,"0",0,0,0,0,"0",0,"0","0",0,0,0,0,0,0,"0",221,2,1,1,0,0,0.01,0.06,0,255,2,0.01,0.07,0,0,1,1,0,0,"dos"
0,"tcp","http","SF",194,1366,"0",0,0,0,0,"1",0,"0","0",0,0,0,0,0,0,"0",5,5,0,0,0,0,1,0,0,164,255,1,0,0.01,0.02,0.01,0,0,0,"normal"
0,"tcp","http","SF",230,7232,"0",0,0,0,0,"1",0,"0","0",0,0,0,0,0,0,"0",1,1,0,0,0,0,1,0,0,1,255,1,0,1,0.08,0,0,0,0,"normal"
0,"tcp","http","SF",317,2076,"0",0,0,0,0,"1",0,"0","0",0,0,0,0,0,0,"0",9,9,0,0,0,0,1,0,0,255,255,1,0,0,0,0,0,0.05,0.05,"normal"
0,"tcp","private","S0",0,0,"0",0,0,0,0,"0",0,"0","0",0,0,0,0,0,0,"0",246,17,1,1,0,0,0.07,0.06,0,255,17,0.07,0.05,0,0,1,1,0,0,"dos"
0,"tcp","http","SF",302,1263,"0",0,0,0,0,"1",0,"0","0",0,0,0,0,0,0,"0",4,5,0,0,0,0,1,0,0.4,136,255,1,0,0.01,0.02,0,0,0,0,"normal"
0,"tcp","http","REJ",0,0,"0",0,0,0,0,"0",0,"0","0",0,0,0,0,0,0,"0",1,1,0,0,1,1,1,0,0,22,46,1,0,0.05,0.15,0,0,1,1,"normal"
0,"tcp","http","SF",215,5260,"0",0,0,0,0,"1",0,"0","0",0,0,0,0,0,0,"0",15,15,0,0,0,0,1,0,0,15,255,1,0,0.07,0.02,0,0,0,0,"normal"
0,"tcp","private","S0",0,0,"0",0,0,0,0,"0",0,"0","0",0,0,0,0,0,0,"0",14,3,1,1,0,0,0.21,0.14,0,255,3,0.01,0.07,0,0,1,1,0,0,"dos"
0,"tcp","private","S0",0,0,"0",0,0,0,0,"0",0,"0","0",0,0,0,0,0,0,"0",294,16,1,1,0,0,0.05,0.06,0,255,9,0.04,0.08,0,0,1,1,0,0,"dos"
0,"tcp","http","SF",315,811,"0",0,0,0,0,"1",0,"0","0",0,0,0,0,0,0,"0",22,22,0,0,0,0,1,0,0,255,255,1,0,0,0,0,0,0,0,"normal"
0,"tcp","private","S0",0,0,"0",0,0,0,0,"0",0,"0","0",0,0,0,0,0,0,"0",44,4,1,1,0,0,0.09,0.07,0,255,1,0,0.07,0,0,1,1,0,0,"dos"
0,"tcp","private","S0",0,0,"0",0,0,0,0,"0",0,"0","0",0,0,0,0,0,0,"0",246,4,1,1,0,0,0.02,0.06,0,255,4,0.02,0.06,0,0,1,1,0,0,"dos"
0,"tcp","netstat","S0",0,0,"0",0,0,0,0,"0",0,"0","0",0,0,0,0,0,0,"0",188,3,1,1,0,0,0.02,0.06,0,255,3,0.01,0.07,0,0,1,1,0,0,"dos"
0,"tcp","private","S0",0,0,"0",0,0,0,0,"0",0,"0","0",0,0,0,0,0,0,"0",206,5,1,1,0,0,0.02,0.07,0,255,4,0.02,0.07,0,0,1,1,0,0,"dos"
2586,"udp","other","SF",146,105,"0",0,0,0,0,"0",0,"0","0",0,0,0,0,0,0,"0",1,1,0,0,0,0,1,0,0,255,1,0,0.83,0.99,0,0,0,0,0,"normal"
0,"tcp","private","S0",0,0,"0",0,0,0,0,"0",0,"0","0",0,0,0,0,0,0,"0",139,18,1,1,0,0,0.13,0.06,0,255,15,0.06,0.07,0,0,1,1,0,0,"dos"
0,"tcp","http","SF",351,3675,"0",0,0,0,0,"1",0,"0","0",0,0,0,0,0,0,"0",28,28,0,0,0,0,1,0,0,255,255,1,0,0,0,0,0,0,0,"normal"
0,"tcp","private","S0",0,0,"0",0,0,0,0,"0",0,"0","0",0,0,0,0,0,0,"0",117,4,1,1,0,0,0.03,0.09,0,255,4,0.02,0.07,0,0,1,1,0,0,"dos"
2629,"udp","other","SF",145,105,"0",0,0,0,0,"0",0,"0","0",0,0,0,0,0,0,"0",1,1,0,0,0,0,1,0,0,255,1,0,0.84,1,0,0,0,0,0,"normal"
0,"tcp","http","SF",290,13016,"0",0,0,0,0,"1",0,"0","0",0,0,0,0,0,0,"0",6,6,0,0,0,0,1,0,0,255,255,1,0,0,0,0,0,0,0,"normal"
0,"tcp","http","SF",223,1227,"0",0,0,0,0,"1",0,"0","0",0,0,0,0,0,0,"0",7,7,0,0,0,0,1,0,0,212,212,1,0,0,0,0,0,0,0,"normal"
0,"tcp","private","S0",0,0,"0",0,0,0,0,"0",0,"0","0",0,0,0,0,0,0,"0",126,12,1,1,0,0,0.1,0.06,0,255,1,0,0.08,0,0,1,1,0,0,"dos"
0,"tcp","http","SF",274,2496,"0",0,0,0,0,"1",0,"0","0",0,0,0,0,0,0,"0",7,7,0,0,0,0,1,0,0,7,255,1,0,0.14,0.04,0,0,0,0,"normal"
0,"tcp","http","SF",331,10106,"0",0,0,0,0,"1",0,"0","0",0,0,0,0,0,0,"0",3,19,0,0,0,0,1,0,0.21,122,255,1,0,0.01,0.03,0,0,0,0,"normal"
0,"tcp","http","SF",213,810,"0",0,0,0,0,"1",0,"0","0",0,0,0,0,0,0,"0",14,16,0,0,0,0,1,0,0.12,255,255,1,0,0,0,0,0,0,0,"normal"
0,"tcp","http","SF",312,614,"0",0,0,0,0,"1",0,"0","0",0,0,0,0,0,0,"0",4,4,0,0,0,0,1,0,0,123,255,1,0,0.01,0.02,0,0,0,0,"normal"
0,"tcp","private","S0",0,0,"0",0,0,0,0,"0",0,"0","0",0,0,0,0,0,0,"0",225,13,1,1,0,0,0.06,0.07,0,255,13,0.05,0.09,0,0,1,1,0,0,"dos"
0,"tcp","http","SF",253,276,"0",0,0,0,0,"1",0,"0","0",0,0,0,0,0,0,"0",10,10,0,0,0,0,1,0,0,29,255,1,0,0.03,0.05,0,0,0,0,"normal"
0,"tcp","http","SF",208,3924,"0",0,0,0,0,"1",0,"0","0",0,0,0,0,0,0,"0",18,23,0,0,0,0,1,0,0.13,163,255,1,0,0.01,0.01,0.01,0,0,0,"normal"
0,"tcp","private","S0",0,0,"0",0,0,0,0,"0",0,"0","0",0,0,0,0,0,0,"0",298,13,1,1,0,0,0.04,0.05,0,255,2,0.01,0.08,0,0,1,1,0,0,"dos"
0,"tcp","private","S0",0,0,"0",0,0,0,0,"0",0,"0","0",0,0,0,0,0,0,"0",100,2,1,1,0,0,0.02,0.07,0,255,2,0.01,0.07,0,0,1,1,0,0,"dos"
0,"tcp","http","SF",228,28541,"0",0,0,0,0,"1",0,"0","0",0,0,0,0,0,0,"0",5,18,0,0,0,0,1,0,0.22,104,255,1,0,0.01,0.02,0.01,0,0,0,"normal"
0,"tcp","http","SF",202,8841,"0",0,0,0,0,"1",0,"0","0",0,0,0,0,0,0,"0",7,7,0,0,0,0,1,0,0,26,255,1,0,0.04,0.02,0,0,0,0,"normal"
0,"tcp","private","S0",0,0,"0",0,0,0,0,"0",0,"0","0",0,0,0,0,0,0,"0",221,3,1,1,0,0,0.01,0.07,0,255,3,0.01,0.08,0,0,1,1,0,0,"dos"
0,"tcp","private","S0",0,0,"0",0,0,0,0,"0",0,"0","0",0,0,0,0,0,0,"0",289,17,1,1,0,0,0.06,0.04,0,255,17,0.07,0.05,0,0,1,1,0,0,"dos"
0,"tcp","http","SF",300,849,"0",0,0,0,0,"1",0,"0","0",0,0,0,0,0,0,"0",8,8,0,0,0,0,1,0,0,255,255,1,0,0,0,0,0,0,0,"normal"
1,"tcp","ftp","SF",1252,2453,"0",0,0,28,0,"1",0,"0","0",0,0,0,0,0,0,"1",1,1,0,0,0,0,1,0,0,255,91,0.36,0.02,0,0,0,0,0,0,"r2l"
0,"tcp","private","REJ",0,0,"0",0,0,0,0,"0",0,"0","0",0,0,0,0,0,0,"0",139,20,0,0,1,1,0.14,0.06,0,255,20,0.08,0.07,0,0,0,0,1,1,"dos"
0,"udp","domain_u","SF",44,131,"0",0,0,0,0,"0",0,"0","0",0,0,0,0,0,0,"0",51,131,0,0,0,0,0.98,0.04,0.02,255,222,0.87,0.01,0,0,0,0,0,0,"normal"
0,"tcp","http","SF",248,2430,"0",0,0,0,0,"1",0,"0","0",0,0,0,0,0,0,"0",15,15,0,0,0,0,1,0,0,255,255,1,0,0,0,0,0,0,0,"normal"
0,"tcp","http","SF",296,255,"0",0,0,0,0,"1",0,"0","0",0,0,0,0,0,0,"0",8,17,0,0,0,0,1,0,0.24,255,255,1,0,0,0,0,0,0,0,"normal"
0,"icmp","eco_i","SF",18,0,"0",0,0,0,0,"0",0,"0","0",0,0,0,0,0,0,"0",1,1,0,0,0,0,1,0,0,1,39,1,0,1,1,0,0,0,0,"probe"
0,"tcp","private","S0",0,0,"0",0,0,0,0,"0",0,"0","0",0,0,0,0,0,0,"0",138,14,1,1,0,0,0.1,0.06,0,255,12,0.05,0.06,0,0,1,1,0,0,"dos"
0,"tcp","private","S0",0,0,"0",0,0,0,0,"0",0,"0","0",0,0,0,0,0,0,"0",129,5,1,1,0,0,0.04,0.06,0,255,14,0.05,0.06,0,0,1,1,0,0,"dos"
0,"tcp","http","SF",214,12596,"0",0,0,0,0,"1",0,"0","0",0,0,0,0,0,0,"0",3,3,0,0,0,0,1,0,0,83,255,1,0,0.01,0.03,0,0,0,0,"normal"
