2,ObtainClaimService,3
0,"tcp","private","S0",0,0,"0",0,0,0,0,"0",0,"0","0",0,0,0,0,0,0,"0",177,15,1,1,0,0,0.08,0.06,0,255,15,0.06,0.05,0,0,1,1,0,0,"dos"
0,"tcp","telnet","S0",0,0,"0",0,0,0,0,"0",0,"0","0",0,0,0,0,0,0,"0",39,13,1,1,0,0,0.33,0.08,0,255,69,0.27,0.02,0.01,0,1,1,0,0,"dos"
0,"tcp","private","S0",0,0,"0",0,0,0,0,"0",0,"0","0",0,0,0,0,0,0,"0",117,20,1,1,0,0,0.17,0.06,0,255,20,0.08,0.05,0,0,1,1,0,0,"dos"
0,"tcp","http","SF",237,788,"0",0,0,0,0,"1",0,"0","0",0,0,0,0,0,0,"0",19,19,0,0,0,0,1,0,0,20,203,1,0,0.05,0.04,0,0,0,0,"normal"
9,"udp","private","SF",105,147,"0",0,0,0,0,"0",0,"0","0",0,0,0,0,0,0,"0",2,2,0,0,0,0,1,0,0,255,236,0.93,0.01,0.01,0,0,0,0,0,"normal"
0,"tcp","private","S0",0,0,"0",0,0,0,0,"0",0,"0","0",0,0,0,0,0,0,"0",244,15,1,1,0,0,0.06,0.05,0,255,6,0.02,0.07,0,0,1,1,0,0,"dos"
0,"tcp","http","SF",314,310,"0",0,0,0,0,"1",0,"0","0",0,0,0,0,0,0,"0",5,6,0,0,0,0,1,0,0.33,255,255,1,0,0.01,0,0,0,0,0,"normal"
0,"tcp","http","SF",308,1587,"0",0,0,0,0,"1",0,"0","0",0,0,0,0,0,0,"0",4,4,0,0,0,0,1,0,0,255,255,1,0,0,0,0,0,0,0,"normal"
0,"tcp","smtp","SF",685,331,"0",0,0,0,0,"1",0,"0","0",0,0,0,0,0,0,"0",1,2,0,0,0,0,1,0,1,128,137,0.63,0.03,0.01,0.01,0,0,0,0,"normal"
0,"tcp","http","SF",282,616,"0",0,0,0,0,"1",0,"0","0",0,0,0,0,0,0,"0",3,3,0,0,0,0,1,0,0,23,255,1,0,0.04,0.07,0,0,0,0,"normal"
0,"tcp","private","REJ",0,0,"0",0,0,0,0,"0",0,"0","0",0,0,0,0,0,0,"0",120,5,0,0,1,1,0.04,0.06,0,255,5,0.02,0.07,0,0,0,0,1,1,"dos"
0,"tcp","login","S0",0,0,"0",0,0,0,0,"0",0,"0","0",0,0,0,0,0,0,"0",147,5,1,1,0,0,0.03,0.06,0,255,5,0.02,0.07,0,0,1,1,0,0,"dos"
0,"tcp","private","S0",0,0,"0",0,0,0,0,"0",0,"0","0",0,0,0,0,0,0,"0",150,7,1,1,0,0,0.05,0.06,0,255,1,0,0.06,0,0,1,1,0,0,"dos"
0,"tcp","echo","S0",0,0,"0",0,0,0,0,"0",0,"0","0",0,0,0,0,0,0,"0",240,14,1,1,0,0,0.06,0.05,0,255,14,0.05,0.06,0,0,1,1,0,0,"dos"
0,"tcp","http","SF",346,431,"0",0,0,0,0,"1",0,"0","0",0,0,0,0,0,0,"0",7,7,0,0,0,0,1,0,0,255,255,1,0,0,0,0,0,0,0,"normal"
0,"tcp","http","SF",297,1346,"0",0,0,0,0,"1",0,"0","0",0,0,0,0,0,0,"0",13,13,0,0,0,0,1,0,0,80,255,1,0,0.01,0.03,0,0,0,0,"normal"
0,"tcp","http","SF",216,3451,"0",0,0,0,0,"1",0,"0","0",0,0,0,0,0,0,"0",6,6,0,0,0,0,1,0,0,236,255,1,0,0,0.02,0,0,0,0,"normal"
0,"tcp","private","S0",0,0,"0",0,0,0,0,"0",0,"0","0",0,0,0,0,0,0,"0",272,6,1,1,0,0,0.02,0.06,0,255,14,0.05,0.07,0,0,1,1,0,0,"dos"
0,"udp","private","SF",105,147,"0",0,0,0,0,"0",0,"0","0",0,0,0,0,0,0,"0",2,2,0,0,0,0,1,0,0,255,242,0.95,0.01,0.01,0,0,0,0,0,"normal"
0,"tcp","smtp","SF",1179,598,"0",0,0,0,0,"1",0,"0","0",0,0,0,0,0,0,"0",2,2,0,0,0.5,0,0.5,1,1,59,82,0.02,0.07,0.02,0.02,0,0,0.81,0,"normal"
0,"tcp","http","SF",160,389,"0",0,0,0,0,"1",0,"0","0",0,0,0,0,0,0,"0",1,2,0,0,0,0,1,0,1,9,255,1,0,0.11,0.02,0,0,0.44,0.07,"normal"
0,"tcp","ftp_data","SF",3468,0,"0",0,0,0,0,"1",0,"0","0",0,0,0,0,0,0,"0",6,6,0,0,0,0,1,0,0,52,57,0.6,0.04,0.6,0.04,0,0,0,0,"normal"
0,"tcp","http","SF",160,4141,"0",0,0,0,0,"1",0,"0","0",0,0,0,0,0,0,"0",1,4,0,0,0,0,1,0,0.75,97,255,1,0,0.01,0.03,0,0,0,0,"normal"
0,"tcp","http","SF",231,553,"0",0,0,0,0,"1",0,"0","0",0,0,0,0,0,0,"0",8,8,0,0,0,0,1,0,0,34,255,1,0,0.03,0.02,0,0,0,0,"normal"
0,"tcp","http","SF",296,326,"0",0,0,0,0,"1",0,"0","0",0,0,0,0,0,0,"0",4,4,0,0,0,0,1,0,0,255,255,1,0,0,0,0,0,0,0,"normal"
0,"tcp","http","SF",224,3867,"0",0,0,0,0,"1",0,"0","0",0,0,0,0,0,0,"0",2,2,0,0,0,0,1,0,0,255,255,1,0,0,0,0,0,0,0,"normal"
0,"tcp","smtp","SF",915,327,"0",0,0,0,0,"1",0,"0","0",0,0,0,0,0,0,"0",1,1,0,0,0,0,1,0,0,17,245,0.88,0.12,0.06,0.01,0,0,0,0,"normal"
0,"tcp","private","S0",0,0,"0",0,0,0,0,"0",0,"0","0",0,0,0,0,0,0,"0",107,6,1,1,0,0,0.06,0.07,0,255,6,0.02,0.06,0,0,1,1,0,0,"dos"
0,"tcp","private","S0",0,0,"0",0,0,0,0,"0",0,"0","0",0,0,0,0,0,0,"0",294,19,1,1,0,0,0.06,0.05,0,255,19,0.07,0.07,0,0,1,1,0,0,"dos"
1031,"tcp","other","RSTR",1,0,"0",0,0,0,0,"0",0,"0","0",0,0,0,0,0,0,"0",2,2,0,0,1,1,1,0,0,255,2,0.01,0.73,1,0,0,0,1,1,"probe"
8,"tcp","smtp","SF",1351,327,"0",0,0,0,0,"1",0,"0","0",0,0,0,0,0,0,"0",1,1,0,0,0,0,1,0,0,46,146,0.3,0.09,0.02,0.01,0,0,0,0,"normal"
0,"tcp","http","SF",237,6072,"0",0,0,0,0,"1",0,"0","0",0,0,0,0,0,0,"0",4,44,0,0.02,0,0,1,0,0.11,255,255,1,0,0,0,0,0,0,0,"normal"
0,"tcp","private","S0",0,0,"0",0,0,0,0,"0",0,"0","0",0,0,0,0,0,0,"0",229,16,1,1,0,0,0.07,0.07,0,255,16,0.06,0.07,0,0,1,1,0,0,"dos"
0,"tcp","private","S0",0,0,"0",0,0,0,0,"0",0,"0","0",0,0,0,0,0,0,"0",227,11,1,1,0,0,0.05,0.05,0,255,11,0.04,0.06,0,0,1,1,0,0,"dos"
0,"tcp","http","SF",332,18681,"0",0,0,0,0,"1",0,"0","0",0,0,0,0,0,0,"0",6,6,0,0,0,0,1,0,0,76,255,1,0,0.01,0.01,0,0,0.01,0.01,"normal"
0,"tcp","http","SF",359,475,"0",0,0,0,0,"1",0,"0","0",0,0,0,0,0,0,"0",17,17,0,0,0,0,1,0,0,255,255,1,0,0,0,0,0,0.01,0.01,"normal"
0,"tcp","private","REJ",0,0,"0",0,0,0,0,"0",0,"0","0",0,0,0,0,0,0,"0",209,2,0,0,1,1,0.01,0.07,0,255,2,0.01,0.07,0,0,0,0,1,1,"dos"
0,"tcp","iso_tsap","S0",0,0,"0",0,0,0,0,"0",0,"0","0",0,0,0,0,0,0,"0",234,12,1,1,0,0,0.05,0.06,0,255,11,0.04,0.07,0,0,1,1,0,0,"dos"
0,"tcp","efs","S0",0,0,"0",0,0,0,0,"0",0,"0","0",0,0,0,0,0,0,"0",26,6,1,1,0,0,0.23,0.12,0,255,6,0.02,0.07,0,0,1,1,0,0,"dos"
0,"tcp","http","SF",269,1828,"0",0,0,0,0,"1",0,"0","0",0,0,0,0,0,0,"0",4,12,0,0,0,0,1,0,0.33,255,255,1,0,0,0,0,0,0,0,"normal"
4,"tcp","smtp","SF",776,330,"0",0,0,0,0,"1",0,"0","0",0,0,0,0,0,0,"0",1,1,0,0,0,0,1,0,0,72,143,0.83,0.06,0.01,0.01,0.01,0.01,0,0,"normal"
0,"tcp","private","S0",0,0,"0",0,0,0,0,"0",0,"0","0",0,0,0,0,0,0,"0",110,13,1,1,0,0,0.12,0.05,0,255,13,0.05,0.05,0,0,1,1,0,0,"dos"
0,"tcp","private","REJ",0,0,"0",0,0,0,0,"0",0,"0","0",0,0,0,0,0,0,"0",133,11,0,0,1,1,0.08,0.06,0,255,11,0.04,0.08,0,0,0,0,1,1,"dos"
0,"tcp","private","S0",0,0,"0",0,0,0,0,"0",0,"0","0",0,0,0,0,0,0,"0",197,15,1,1,0,0,0.08,0.07,0,255,15,0.06,0.07,0,0,1,1,0,0,"dos"
4,"tcp","smtp","SF",1410,368,"0",0,0,0,0,"1",0,"0","0",0,0,0,0,0,0,"0",1,1,0,0,0,0,1,0,0,90,171,0.67,0.03,0.01,0.01,0,0,0,0,"normal"
0,"tcp","smtp","SF",1122,338,"0",0,0,0,0,"1",0,"0","0",0,0,0,0,0,0,"0",1,3,0,0,0,0,1,0,1,33,78,0.61,0.09,0.03,0.03,0,0,0,0,"normal"
0,"tcp","private","S0",0,0,"0",0,0,0,0,"0",0,"0","0",0,0,0,0,0,0,"0",109,9,1,1,0,0,0.08,0.06,0,255,1,0,0.06,0,0,1,1,0,0,"dos"
0,"tcp","http","SF",350,1425,"0",0,0,0,0,"1",0,"0","0",0,0,0,0,0,0,"0",2,16,0,0,0,0,1,0,0.12,255,255,1,0,0,0,0,0,0,0,"normal"
0,"tcp","http","SF",224,3692,"0",0,0,0,0,"1",0,"0","0",0,0,0,0,0,0,"0",32,32,0,0,0,0,1,0,0,140,255,1,0,0.01,0.03,0,0,0,0,"normal"
30,"tcp","smtp","SF",4416,320,"0",0,0,0,0,"1",0,"0","0",0,0,0,0,0,0,"0",1,2,0,0,0,0,1,0,1,255,138,0.54,0.02,0,0,0,0,0.06,0.07,"normal"
0,"tcp","http","SF",197,2543,"0",0,0,0,0,"1",0,"0","0",0,0,0,0,0,0,"0",27,43,0,0,0,0,1,0,0.09,255,255,1,0,0,0,0,0,0,0,"normal"
5374,"udp","other","SF",147,105,"0",0,0,0,0,"0",0,"0","0",0,0,0,0,0,0,"0",2,2,0,0,0,0,1,0,0,255,2,0.01,0.11,0.18,0,0,0,0,0,"normal"
0,"tcp","http","SF",302,4132,"0",0,0,0,0,"1",0,"0","0",0,0,0,0,0,0,"0",5,5,0,0,0,0,1,0,0,61,255,1,0,0.02,0.05,0,0,0,0,"normal"
0,"tcp","http","SF",292,1613,"0",0,0,0,0,"1",0,"0","0",0,0,0,0,0,0,"0",7,24,0,0,0,0,1,0,0.08,7,255,1,0,0.14,0.05,0,0,0,0,"normal"
0,"udp","domain_u","SF",38,103,"0",0,0,0,0,"0",0,"0","0",0,0,0,0,0,0,"0",2,4,0,0,0,0,1,0,0.5,255,255,1,0,0.03,0,0,0,0,0,"normal"
0,"tcp","http","REJ",0,0,"0",0,0,0,0,"0",0,"0","0",0,0,0,0,0,0,"0",1,1,0,0,1,1,1,0,0,56,56,1,0,0.02,0,0,0,1,1,"normal"
0,"tcp","http","SF",295,318,"0",0,0,0,0,"1",0,"0","0",0,0,0,0,0,0,"0",13,15,0,0,0,0,1,0,0.13,13,255,1,0,0.08,0.02,0,0,0,0,"normal"
0,"tcp","private","S0",0,0,"0",0,0,0,0,"0",0,"0","0",0,0,0,0,0,0,"0",289,15,1,1,0,0,0.05,0.06,0,255,15,0.06,0.09,0,0,1,1,0,0,"dos"
0,"udp","domain_u","SF",43,66,"0",0,0,0,0,"0",0,"0","0",0,0,0,0,0,0,"0",273,273,0,0,0,0,1,0,0,255,254,1,0.01,0,0,0,0,0,0,"normal"
0,"tcp","http","SF",313,2129,"0",0,0,0,0,"1",0,"0","0",0,0,0,0,0,0,"0",6,7,0,0,0,0,1,0,0.29,56,255,1,0,0.02,0.02,0,0,0,0,"normal"
0,"tcp","http","SF",293,2160,"0",0,0,0,0,"1",0,"0","0",0,0,0,0,0,0,"0",5,5,0,0,0,0,1,0,0,36,255,1,0,0.03,0.02,0,0,0,0,"normal"
0,"tcp","http","SF",285,7203,"0",0,0,0,0,"1",0,"0","0",0,0,0,0,0,0,"0",14,14,0,0,0,0,1,0,0,208,255,1,0,0,0.01,0,0,0,0,"normal"
0,"tcp","http","SF",219,608,"0",0,0,0,0,"1",0,"0","0",0,0,0,0,0,0,"0",7,7,0,0,0,0,1,0,0,58,255,1,0,0.02,0.01,0,0,0,0,"normal"
0,"tcp","private","S0",0,0,"0",0,0,0,0,"0",0,"0","0",0,0,0,0,0,0,"0",209,13,1,1,0,0,0.06,0.06,0,255,18,0.07,0.06,0,0,1,1,0,0,"dos"
0,"tcp","http","SF",307,327,"0",0,0,0,0,"1",0,"0","0",0,0,0,0,0,0,"0",7,34,0,0,0,0,1,0,0.12,105,255,1,0,0.01,0.04,0,0,0,0,"normal"
0,"tcp","private","REJ",0,0,"0",0,0,0,0,"0",0,"0","0",0,0,0,0,0,0,"0",103,8,0,0,1,1,0.08,0.07,0,255,8,0.03,0.07,0,0,0,0,1,1,"dos"
0,"tcp","http","SF",232,1380,"0",0,0,0,0,"1",0,"0","0",0,0,0,0,0,0,"0",4,4,0,0,0,0,1,0,0,255,253,0.99,0.01,0,0,0,0,0,0,"normal"
0,"tcp","http","SF",231,2586,"0",0,0,0,0,"1",0,"0","0",0,0,0,0,0,0,"0",14,16,0,0,0,0,1,0,0.19,14,255,1,0,0.07,0.06,0,0,0,0,"normal"
0,"tcp","private","REJ",0,0,"0",0,0,0,0,"0",0,"0","0",0,0,0,0,0,0,"0",295,19,0,0,1,1,0.06,0.06,0,255,19,0.07,0.07,0,0,0,0,1,1,"dos"
0,"tcp","ftp_data","SF",10389,0,"0",0,0,0,0,"1",0,"0","0",0,0,0,0,0,0,"0",19,19,0,0,0,0,1,0,0,93,119,0.8,0.02,0.8,0.03,0,0,0,0,"normal"
0,"tcp","private","S0",0,0,"0",0,0,0,0,"0",0,"0","0",0,0,0,0,0,0,"0",148,12,1,1,0,0,0.08,0.05,0,255,11,0.04,0.06,0,0,1,1,0,0,"dos"
0,"tcp","private","REJ",0,0,"0",0,0,0,0,"0",0,"0","0",0,0,0,0,0,0,"0",227,19,0,0,1,1,0.08,0.06,0,255,19,0.07,0.08,0,0,0,0,1,1,"dos"
0,"tcp","private","REJ",0,0,"0",0,0,0,0,"0",0,"0","0",0,0,0,0,0,0,"0",123,20,0,0,1,1,0.16,0.07,0,255,20,0.08,0.07,0,0,0,0,1,1,"dos"
0,"tcp","http","SF",286,588,"0",0,0,0,0,"1",0,"0","0",0,0,0,0,0,0,"0",1,1,0,0,0,0,1,0,0,242,255,1,0,0,0.01,0,0,0,0,"normal"
0,"tcp","smtp","SF",3262,330,"0",0,0,0,0,"1",0,"0","0",0,0,0,0,0,0,"0",1,1,0,0,0,0,1,0,0,33,170,0.94,0.09,0.03,0.02,0,0,0,0,"normal"
0,"tcp","private","S0",0,0,"0",0,0,0,0,"0",0,"0","0",0,0,0,0,0,0,"0",142,18,1,1,0,0,0.13,0.05,0,255,18,0.07,0.04,0,0,1,1,0,0,"dos"
0,"tcp","http","SF",207,2710,"0",0,0,0,0,"1",0,"0","0",0,0,0,0,0,0,"0",2,5,0,0,0,0,1,0,0.4,23,255,1,0,0.04,0.04,0,0,0,0,"normal"
0,"tcp","http","SF",208,7848,"0",0,0,0,0,"1",0,"0","0",0,0,0,0,0,0,"0",6,6,0,0,0,0,1,0,0,14,166,1,0,0.07,0.06,0,0,0,0,"normal"
0,"tcp","private","S0",0,0,"0",0,0,0,0,"0",0,"0","0",0,0,0,0,0,0,"0",124,8,1,1,0,0,0.06,0.06,0,255,2,0.01,0.06,0,0,1,1,0,0,"dos"
0,"tcp","private","S0",0,0,"0",0,0,0,0,"0",0,"0","0",0,0,0,0,0,0,"0",146,19,1,1,0,0,0.13,0.05,0,255,3,0.01,0.07,0,0,1,1,0,0,"dos"
0,"tcp","private","S0",0,0,"0",0,0,0,0,"0",0,"0","0",0,0,0,0,0,0,"0",244,16,1,1,0,0,0.07,0.05,0,255,16,0.06,0.05,0,0,1,1,0,0,"dos"
0,"tcp","http","SF",318,3024,"0",0,0,0,0,"1",0,"0","0",0,0,0,0,0,0,"0",16,16,0,0,0,0,1,0,0,62,255,1,0,0.02,0.01,0,0,0,0,"normal"
0,"tcp","http","SF",307,1380,"0",0,0,0,0,"1",0,"0","0",0,0,0,0,0,0,"0",4,4,0,0,0,0,1,0,0,255,252,0.99,0.01,0,0,0,0,0,0,"normal"
0,"tcp","http","SF",203,269,"0",0,0,0,0,"1",0,"0","0",0,0,0,0,0,0,"0",17,51,0,0,0,0,1,0,0.14,255,255,1,0,0,0,0,0,0,0,"normal"
0,"tcp","private","REJ",0,0,"0",0,0,0,0,"0",0,"0","0",0,0,0,0,0,0,"0",261,13,0,0,1,1,0.05,0.06,0,255,13,0.05,0.06,0,0,0,0,1,1,"dos"
0,"tcp","http","SF",318,438,"0",0,0,0,0,"1",0,"0","0",0,0,0,0,0,0,"0",13,16,0,0,0,0,1,0,0.19,255,255,1,0,0,0,0,0,0,0,"normal"
0,"tcp","private","S0",0,0,"0",0,0,0,0,"0",0,"0","0",0,0,0,0,0,0,"0",206,13,1,1,0,0,0.06,0.05,0,255,13,0.05,0.05,0,0,1,1,0,0,"dos"
0,"tcp","http","SF",251,2241,"0",0,0,0,0,"1",0,"0","0",0,0,0,0,0,0,"0",5,5,0,0,0,0,1,0,0,18,255,1,0,0.06,0.02,0,0,0,0,"normal"
2280,"udp","other","SF",147,105,"0",0,0,0,0,"0",0,"0","0",0,0,0,0,0,0,"0",4,2,0,0,0,0,0.5,0.5,0,255,2,0.01,0.82,1,0,0,0,0,0,"normal"
0,"tcp","echo","RSTO",0,0,"0",0,0,0,0,"0",0,"0","0",0,0,0,0,0,0,"0",195,4,0,0,1,1,0.02,0.07,0,255,4,0.02,0.07,0,0,0,0,1,1,"dos"
0,"tcp","http","SF",217,486,"0",0,0,0,0,"1",0,"0","0",0,0,0,0,0,0,"0",6,7,0,0,0,0,1,0,0.29,255,255,1,0,0,0,0,0,0,0,"normal"
0,"tcp","http","SF",333,466,"0",0,0,0,0,"1",0,"0","0",0,0,0,0,0,0,"0",25,30,0,0,0,0,1,0,0.17,134,255,1,0,0.01,0.02,0,0,0,0,"normal"
5505,"udp","other","SF",146,105,"0",0,0,0,0,"0",0,"0","0",0,0,0,0,0,0,"0",1,1,0,0,0,0,1,0,0,255,1,0,0.65,0.97,0,0,0,0,0,"normal"
0,"tcp","uucp","S0",0,0,"0",0,0,0,0,"0",0,"0","0",0,0,0,0,0,0,"0",121,3,1,1,0,0,0.02,0.06,0,255,15,0.06,0.06,0,0,1,1,0,0,"dos"
0,"tcp","ftp_data","SF",334,0,"0",0,0,0,0,"1",0,"0","0",0,0,0,0,0,0,"0",2,2,0,0,0,0,1,0,0,7,44,1,0,1,0.07,0,0.02,0,0,"r2l"
27,"tcp","ftp","SF",697,2077,"0",0,0,14,0,"1",0,"0","0",0,0,0,0,0,0,"1",1,1,0,0,0,0,1,0,0,193,43,0.22,0.04,0.01,0,0,0,0.01,0.02,"normal"
12999,"udp","other","SF",145,105,"0",0,0,0,0,"0",0,"0","0",0,0,0,0,0,0,"0",1,1,0,0,0,0,1,0,0,255,1,0,0.86,1,0,0,0,0,0,"normal"
0,"tcp","http","SF",246,7721,"0",0,0,0,0,"1",0,"0","0",0,0,0,0,0,0,"0",1,2,0,0,0,0,1,0,1,214,255,1,0,0.01,0.03,0,0,0,0,"normal"
0,"tcp","private","S0",0,0,"0",0,0,0,0,"0",0,"0","0",0,0,0,0,0,0,"0",213,5,1,1,0,0,0.02,0.07,0,255,5,0.02,0.09,0,0,1,1,0,0,"dos"
132,"tcp","telnet","SF",174,7035,"0",0,0,0,0,"1",0,"0","0",0,0,0,0,0,0,"0",1,1,0,0,0,0,1,0,0,13,1,0.08,0.31,0.08,0,0,0,0,0,"normal"
