0,ObtainClaimService,4
0,"tcp","http","REJ",0,0,"0",0,0,0,0,"0",0,"0","0",0,0,0,0,0,0,"0",1,1,0,0,1,1,1,0,0,8,99,1,0,0.12,0.28,0,0,1,1,"normal"
0,"tcp","private","REJ",0,0,"0",0,0,0,0,"0",0,"0","0",0,0,0,0,0,0,"0",249,15,0,0,1,1,0.06,0.06,0,255,15,0.06,0.07,0,0,0,0,1,1,"dos"
0,"tcp","http","SF",208,301,"0",0,0,0,0,"1",0,"0","0",0,0,0,0,0,0,"0",16,29,0,0,0,0,1,0,0.07,255,255,1,0,0,0,0,0,0,0,"normal"
0,"tcp","private","S0",0,0,"0",0,0,0,0,"0",0,"0","0",0,0,0,0,0,0,"0",97,14,1,1,0,0,0.14,0.07,0,255,14,0.05,0.07,0,0,1,1,0,0,"dos"
0,"tcp","http","SF",321,3270,"0",0,0,0,0,"1",0,"0","0",0,0,0,0,0,0,"0",3,3,0,0,0,0,1,0,0,255,255,1,0,0,0,0,0,0,0,"normal"
0,"udp","private","SF",105,143,"0",0,0,0,0,"0",0,"0","0",0,0,0,0,0,0,"0",1,1,0,0,0,0,1,0,0,255,220,0.86,0.01,0.01,0,0,0,0,0,"normal"
0,"tcp","smtp","SF",1349,279,"0",0,0,0,0,"1",0,"0","0",0,0,0,0,0,0,"0",1,4,0,0,0,0,1,0,1,255,122,0.48,0.04,0,0,0,0,0.01,0,"normal"
0,"tcp","private","S0",0,0,"0",0,0,0,0,"0",0,"0","0",0,0,0,0,0,0,"0",112,10,1,1,0,0,0.09,0.05,0,255,10,0.04,0.06,0,0,1,1,0,0,"dos"
0,"tcp","private","REJ",0,0,"0",0,0,0,0,"0",0,"0","0",0,0,0,0,0,0,"0",267,6,0,0,1,1,0.02,0.06,0,255,7,0.03,0.07,0,0,0,0,1,1,"dos"
1,"tcp","smtp","SF",1242,369,"0",0,0,0,0,"1",0,"0","0",0,0,0,0,0,0,"0",1,3,0,0,0,0,1,0,1,198,164,0.64,0.02,0.01,0.01,0,0,0,0,"normal"
0,"tcp","http","SF",320,238,"0",0,0,0,0,"1",0,"0","0",0,0,0,0,0,0,"0",17,18,0,0,0,0,1,0,0.11,17,255,1,0,0.06,0.04,0,0,0,0,"normal"
0,"tcp","private","REJ",0,0,"0",0,0,0,0,"0",0,"0","0",0,0,0,0,0,0,"0",134,19,0,0,1,1,0.14,0.07,0,255,19,0.07,0.06,0,0,0,0,1,1,"dos"
0,"tcp","telnet","S0",0,0,"0",0,0,0,0,"0",0,"0","0",0,0,0,0,0,0,"0",279,11,1,1,0,0,0.04,0.06,0,255,11,0.04,0.08,0,0,1,1,0,0,"dos"
0,"udp","private","SF",28,0,"0",3,0,0,0,"0",0,"0","0",0,0,0,0,0,0,"0",91,91,0,0,0,0,1,0,0,255,91,0.36,0.01,0.36,0,0,0,0,0,"dos"
0,"tcp","private","S0",0,0,"0",0,0,0,0,"0",0,"0","0",0,0,0,0,0,0,"0",132,9,0.99,1,0,0,0.07,0.07,0,255,1,0,0.06,0,0,1,1,0,0,"dos"
0,"tcp","private","S0",0,0,"0",0,0,0,0,"0",0,"0","0",0,0,0,0,0,0,"0",124,18,1,1,0,0,0.15,0.06,0,255,9,0.04,0.07,0,0,1,1,0,0,"dos"
0,"tcp","http","SF",333,283,"0",0,0,0,0,"1",0,"0","0",0,0,0,0,0,0,"0",4,4,0,0,0,0,1,0,0,255,251,0.98,0.01,0,0,0,0,0,0,"normal"
0,"tcp","private","S0",0,0,"0",0,0,0,0,"0",0,"0","0",0,0,0,0,0,0,"0",230,17,1,1,0,0,0.07,0.06,0,255,15,0.06,0.07,0,0,1,1,0,0,"dos"
0,"tcp","http","SF",235,3222,"0",0,0,0,0,"1",0,"0","0",0,0,0,0,0,0,"0",6,8,0,0,0,0,1,0,0.38,255,251,0.98,0.01,0,0,0,0,0,0,"normal"
0,"tcp","ftp_data","SF",245,0,"0",0,0,0,0,"1",0,"0","0",1,0,0,0,0,0,"0",1,1,0,0,0,0,1,0,0,255,24,0.09,0.62,0.09,0,0,0,0,0,"normal"
0,"tcp","http","SF",298,416,"0",0,0,0,0,"1",0,"0","0",0,0,0,0,0,0,"0",7,19,0,0,0,0,1,0,0.16,33,255,1,0,0.03,0.03,0,0,0,0,"normal"
0,"tcp","ftp_data","SF",6932,0,"0",0,0,0,0,"1",0,"0","0",0,0,0,0,0,0,"0",3,2,0,0,0,0,0.67,0.67,0,117,42,0.36,0.04,0.36,0,0.02,0,0,0,"normal"
0,"tcp","http","SF",311,2628,"0",0,0,0,0,"1",0,"0","0",0,0,0,0,0,0,"0",14,18,0,0,0,0,1,0,0.17,255,255,1,0,0,0,0,0,0,0,"normal"
0,"tcp","private","REJ",0,0,"0",0,0,0,0,"0",0,"0","0",0,0,0,0,0,0,"0",148,13,0,0,1,1,0.09,0.08,0,255,13,0.05,0.08,0,0,0,0,1,1,"dos"
0,"tcp","http","SF",242,575,"0",0,0,0,0,"1",0,"0","0",0,0,0,0,0,0,"0",9,9,0,0,0,0,1,0,0,255,255,1,0,0,0,0,0,0,0,"normal"
0,"tcp","http","SF",245,392,"0",0,0,0,0,"1",0,"0","0",0,0,0,0,0,0,"0",17,17,0,0,0,0,1,0,0,255,255,1,0,0,0,0,0,0.06,0.06,"normal"
0,"tcp","private","S0",0,0,"0",0,0,0,0,"0",0,"0","0",0,0,0,0,0,0,"0",222,10,1,1,0,0,0.05,0.05,0,255,10,0.04,0.06,0,0,1,1,0,0,"dos"
0,"tcp","private","S0",0,0,"0",0,0,0,0,"0",0,"0","0",0,0,0,0,0,0,"0",113,10,1,1,0,0,0.09,0.07,0,255,10,0.04,0.06,0,0,1,1,0,0,"dos"
0,"tcp","smtp","SF",1312,310,"0",0,0,0,0,"1",0,"0","0",0,0,0,2,0,0,"0",1,1,0,0,0,0,1,0,0,171,97,0.43,0.42,0.01,0.02,0,0,0.41,0.04,"normal"
0,"icmp","ecr_i","SF",30,0,"0",0,0,0,0,"0",0,"0","0",0,0,0,0,0,0,"0",1,1,0,0,0,0,1,0,0,4,5,1,0,1,0.4,0,0,0,0,"normal"
0,"tcp","http","SF",221,1701,"0",0,0,0,0,"1",0,"0","0",0,0,0,0,0,0,"0",1,1,0,0,0,0,1,0,0,255,255,1,0,0,0,0,0,0,0,"normal"
0,"tcp","http","SF",323,1215,"0",0,0,0,0,"1",0,"0","0",0,0,0,0,0,0,"0",9,9,0,0,0,0,1,0,0,39,255,1,0,0.03,0.18,0,0,0.38,0.82,"normal"
0,"tcp","http","REJ",0,0,"0",0,0,0,0,"0",0,"0","0",0,0,0,0,0,0,"0",1,1,0,0,1,1,1,0,0,23,255,1,0,0.04,0.24,0,0,1,0.99,"normal"
0,"tcp","private","S0",0,0,"0",0,0,0,0,"0",0,"0","0",0,0,0,0,0,0,"0",102,1,1,1,0,0,0.01,0.07,0,255,1,0,0.06,0,0,1,1,0,0,"dos"
0,"tcp","private","REJ",0,0,"0",0,0,0,0,"0",0,"0","0",0,0,0,0,0,0,"0",147,18,0,0,1,1,0.12,0.05,0,255,18,0.07,0.05,0,0,0,0,1,1,"dos"
0,"udp","domain_u","SF",42,42,"0",0,0,0,0,"0",0,"0","0",0,0,0,0,0,0,"0",5,8,0,0,0,0,1,0,0.25,23,22,0.96,0.09,0.04,0,0,0,0,0,"normal"
0,"tcp","http","SF",54540,8314,"0",0,0,2,0,"1",1,"0","0",0,0,0,0,0,0,"0",4,5,0,0,0,0.2,1,0,0.4,255,255,1,0,0,0,0.01,0.01,0.04,0.04,"dos"
0,"tcp","http","SF",278,308,"0",0,0,0,0,"1",0,"0","0",0,0,0,0,0,0,"0",4,4,0,0,0,0,1,0,0,135,255,1,0,0.01,0.01,0,0,0,0,"normal"
0,"tcp","private","REJ",0,0,"0",0,0,0,0,"0",0,"0","0",0,0,0,0,0,0,"0",114,10,0,0,1,1,0.09,0.08,0,255,10,0.04,0.07,0,0,0,0,1,1,"dos"
0,"tcp","http","SF",221,29026,"0",0,0,0,0,"1",0,"0","0",0,0,0,0,0,0,"0",9,27,0,0,0,0,1,0,0.11,255,255,1,0,0,0,0,0,0,0,"normal"
1,"tcp","time","SF",0,4,"0",0,0,0,0,"0",0,"0","0",0,0,0,0,0,0,"0",1,1,0,0,0,0,1,0,0,24,24,1,0,0.04,0,0,0,0,0,"normal"
0,"tcp","private","S0",0,0,"0",0,0,0,0,"0",0,"0","0",0,0,0,0,0,0,"0",258,5,1,1,0,0,0.02,0.05,0,255,5,0.02,0.05,0,0,1,1,0,0,"dos"
0,"tcp","private","S0",0,0,"0",0,0,0,0,"0",0,"0","0",0,0,0,0,0,0,"0",137,11,1,1,0,0,0.08,0.05,0,255,11,0.04,0.04,0,0,1,1,0,0,"dos"
0,"udp","domain_u","SF",45,130,"0",0,0,0,0,"0",0,"0","0",0,0,0,0,0,0,"0",41,121,0,0,0,0,1,0,0.02,155,124,0.8,0.01,0.01,0,0,0,0,0,"normal"
0,"tcp","private","S0",0,0,"0",0,0,0,0,"0",0,"0","0",0,0,0,0,0,0,"0",202,3,1,1,0,0,0.01,0.06,0,255,3,0.01,0.05,0,0,1,1,0,0,"dos"
0,"tcp","private","S0",0,0,"0",0,0,0,0,"0",0,"0","0",0,0,0,0,0,0,"0",109,8,1,1,0,0,0.07,0.07,0,255,8,0.03,0.06,0,0,1,1,0,0,"dos"
0,"tcp","http","SF",304,2239,"0",0,0,0,0,"1",0,"0","0",0,0,0,0,0,0,"0",2,9,0,0,0,0,1,0,0.33,255,246,0.96,0.01,0,0,0,0,0,0,"normal"
0,"tcp","http","SF",226,430,"0",0,0,0,0,"1",0,"0","0",0,0,0,0,0,0,"0",5,26,0,0,0,0,1,0,0.12,89,255,1,0,0.01,0.03,0,0,0,0,"normal"
0,"tcp","http","SF",247,1960,"0",0,0,0,0,"1",0,"0","0",0,0,0,0,0,0,"0",2,8,0,0,0,0,1,0,0.25,13,255,1,0,0.08,0.07,0,0,0,0,"normal"
0,"tcp","ftp_data","SF",10073,0,"0",0,0,0,0,"0",0,"0","0",0,0,0,0,0,0,"0",2,2,0,0,0,0,1,0,0,103,48,0.22,0.05,0.22,0.04,0,0,0,0,"normal"
0,"tcp","private","S0",0,0,"0",0,0,0,0,"0",0,"0","0",0,0,0,0,0,0,"0",127,6,1,1,0,0,0.05,0.07,0,255,8,0.03,0.06,0,0,1,1,0,0,"dos"
0,"tcp","private","S0",0,0,"0",0,0,0,0,"0",0,"0","0",0,0,0,0,0,0,"0",135,13,1,1,0,0,0.1,0.07,0,255,14,0.05,0.06,0,0,1,1,0,0,"dos"
2718,"udp","other","SF",147,105,"0",0,0,0,0,"0",0,"0","0",0,0,0,0,0,0,"0",1,1,0,0,0,0,1,0,0,255,1,0,0.84,1,0,0,0,0,0,"normal"
5076,"udp","other","SF",147,105,"0",0,0,0,0,"0",0,"0","0",0,0,0,0,0,0,"0",1,1,0,0,0,0,1,0,0,255,1,0,0.86,1,0,0,0,0,0,"normal"
0,"tcp","private","REJ",0,0,"0",0,0,0,0,"0",0,"0","0",0,0,0,0,0,0,"0",222,17,0,0,1,1,0.08,0.06,0,255,17,0.07,0.08,0,0,0,0,1,1,"dos"
0,"tcp","private","S0",0,0,"0",0,0,0,0,"0",0,"0","0",0,0,0,0,0,0,"0",207,5,1,1,0,0,0.02,0.07,0,255,6,0.02,0.07,0,0,1,1,0,0,"dos"
0,"tcp","http","SF",341,745,"0",0,0,0,0,"1",0,"0","0",0,0,0,0,0,0,"0",4,9,0,0,0,0,1,0,0.33,26,255,1,0,0.04,0.03,0,0,0,0,"normal"
0,"tcp","private","S0",0,0,"0",0,0,0,0,"0",0,"0","0",0,0,0,0,0,0,"0",133,4,1,1,0,0,0.03,0.06,0,255,15,0.06,0.08,0,0,1,1,0,0,"dos"
0,"tcp","private","REJ",0,0,"0",0,0,0,0,"0",0,"0","0",0,0,0,0,0,0,"0",224,13,0,0,1,1,0.06,0.07,0,255,13,0.05,0.07,0,0,0,0,1,1,"dos"
0,"tcp","http","SF",297,1645,"0",0,0,0,0,"1",0,"0","0",0,0,0,0,0,0,"0",16,28,0,0,0,0,1,0,0.07,255,255,1,0,0,0,0,0,0.01,0.01,"normal"
0,"tcp","ftp_data","SF",5891,0,"0",0,0,0,0,"1",0,"0","0",0,0,0,0,0,0,"0",13,13,0,0,0,0,1,0,0,131,126,0.41,0.54,0.4,0.02,0,0,0.52,0.01,"normal"
0,"tcp","private","S0",0,0,"0",0,0,0,0,"0",0,"0","0",0,0,0,0,0,0,"0",83,15,1,1,0,0,0.18,0.07,0,255,15,0.06,0.07,0,0,1,1,0,0,"dos"
0,"tcp","private","S0",0,0,"0",0,0,0,0,"0",0,"0","0",0,0,0,0,0,0,"0",63,12,1,1,0,0,0.19,0.1,0,255,13,0.05,0.07,0,0,1,1,0,0,"dos"
0,"tcp","smtp","SF",751,329,"0",0,0,0,0,"1",0,"0","0",0,0,0,0,0,0,"0",1,1,0,0,0,0,1,0,0,27,196,0.81,0.15,0.04,0.02,0,0,0,0,"normal"
1484,"udp","other","SF",147,105,"0",0,0,0,0,"0",0,"0","0",0,0,0,0,0,0,"0",1,1,0,0,0,0,1,0,0,255,2,0.01,0.62,0.93,0,0,0,0,0,"normal"
0,"tcp","rje","S0",0,0,"0",0,0,0,0,"0",0,"0","0",0,0,0,0,0,0,"0",271,14,1,1,0,0,0.05,0.06,0,255,14,0.05,0.07,0,0,1,1,0,0,"dos"
0,"tcp","http","SF",239,1471,"0",0,0,0,0,"1",0,"0","0",0,0,0,0,0,0,"0",8,8,0,0,0,0,1,0,0,255,255,1,0,0,0,0,0,0,0,"normal"
0,"tcp","ftp_data","SF",19,0,"0",0,0,0,0,"0",0,"0","0",0,0,0,0,0,0,"0",1,1,0,0,0,0,1,0,0,222,70,0.28,0.03,0.28,0.03,0,0,0,0,"normal"
0,"udp","ntp_u","SF",48,48,"0",0,0,0,0,"0",0,"0","0",0,0,0,0,0,0,"0",1,1,0,0,0,0,1,0,0,197,3,0.02,0.02,0.02,0,0,0,0,0,"normal"
0,"tcp","private","REJ",0,0,"0",0,0,0,0,"0",0,"0","0",0,0,0,0,0,0,"0",119,4,0,0,1,1,0.03,0.07,0,255,4,0.02,0.08,0,0,0,0,1,1,"dos"
0,"tcp","http","SF",291,1719,"0",0,0,0,0,"1",0,"0","0",0,0,0,0,0,0,"0",19,19,0,0,0,0,1,0,0,255,255,1,0,0,0,0,0,0,0,"normal"
0,"tcp","private","REJ",0,0,"0",0,0,0,0,"0",0,"0","0",0,0,0,0,0,0,"0",103,4,0,0,1,1,0.04,0.07,0,255,4,0.02,0.06,0,0,0,0,1,1,"dos"
3,"tcp","smtp","SF",1063,374,"0",0,0,0,0,"1",0,"0","0",0,0,0,0,0,0,"0",1,2,0,0,0,0,1,0,1,137,242,0.96,0.01,0.01,0.01,0,0,0,0,"normal"
0,"tcp","http","SF",223,289,"0",0,0,0,0,"1",0,"0","0",0,0,0,0,0,0,"0",12,35,0,0,0,0,1,0,0.11,196,255,1,0,0.01,0.01,0,0,0,0,"normal"
0,"tcp","private","S0",0,0,"0",0,0,0,0,"0",0,"0","0",0,0,0,0,0,0,"0",98,8,1,1,0,0,0.08,0.06,0,255,8,0.03,0.07,0,0,1,1,0,0,"dos"
0,"tcp","private","S0",0,0,"0",0,0,0,0,"0",0,"0","0",0,0,0,0,0,0,"0",136,11,1,1,0,0,0.08,0.06,0,255,11,0.04,0.05,0,0,1,1,0,0,"dos"
0,"udp","private","SF",28,0,"0",3,0,0,0,"0",0,"0","0",0,0,0,0,0,0,"0",80,78,0.01,0,0.01,0,0.98,0.04,0,255,78,0.31,0.02,0.31,0,0,0,0.52,0,"dos"
0,"tcp","http","SF",240,2833,"0",0,0,0,0,"1",0,"0","0",0,0,0,0,0,0,"0",2,13,0,0,0,0,1,0,0.23,26,255,1,0,0.04,0.02,0,0,0,0,"normal"
0,"tcp","smtp","SF",713,325,"0",0,0,0,0,"1",0,"0","0",0,0,0,0,0,0,"0",1,1,0,0,0,0,1,0,0,255,131,0.51,0.03,0,0,0,0,0,0,"normal"
0,"tcp","http","SF",314,172,"0",0,0,0,0,"1",0,"0","0",0,0,0,0,0,0,"0",11,11,0,0,0,0,1,0,0,11,255,1,0,0.09,0.07,0,0,0,0,"normal"
0,"tcp","private","S0",0,0,"0",0,0,0,0,"0",0,"0","0",0,0,0,0,0,0,"0",21,8,1,1,0,0,0.38,0.14,0,255,8,0.03,0.07,0,0,1,1,0,0,"dos"
0,"tcp","http","SF",190,21778,"0",0,0,0,0,"1",0,"0","0",0,0,0,0,0,0,"0",3,3,0,0,0,0,1,0,0,29,255,1,0,0.03,0.03,0,0,0,0,"normal"
0,"tcp","http","SF",233,274,"0",0,0,0,0,"1",0,"0","0",0,0,0,0,0,0,"0",1,1,0,0,0,0,1,0,0,1,255,1,0,1,0.03,0,0,0,0,"normal"
0,"tcp","http","SF",338,281,"0",0,0,0,0,"1",0,"0","0",0,0,0,0,0,0,"0",5,6,0,0,0,0.17,1,0,0.33,100,91,0.91,0.02,0.01,0,0.01,0.01,0,0,"normal"
8840,"udp","other","SF",147,105,"0",0,0,0,0,"0",0,"0","0",0,0,0,0,0,0,"0",4,2,0,0,0,0,0.5,0.5,0,255,2,0.01,0.5,0.67,0,0,0,0,0,"normal"
0,"tcp","private","S0",0,0,"0",0,0,0,0,"0",0,"0","0",0,0,0,0,0,0,"0",147,14,1,1,0,0,0.1,0.05,0,255,15,0.06,0.05,0,0,1,1,0,0,"dos"
0,"tcp","private","REJ",0,0,"0",0,0,0,0,"0",0,"0","0",0,0,0,0,0,0,"0",136,13,0,0,1,1,0.1,0.07,0,255,13,0.05,0.07,0,0,0,0,1,1,"dos"
0,"tcp","http","SF",294,256,"0",0,0,0,0,"1",0,"0","0",0,0,0,0,0,0,"0",2,2,0,0,0,0,1,0,0,255,255,1,0,0,0,0,0,0,0,"normal"
0,"tcp","private","S0",0,0,"0",0,0,0,0,"0",0,"0","0",0,0,0,0,0,0,"0",209,19,1,1,0,0,0.09,0.04,0,255,19,0.07,0.06,0,0,1,1,0,0,"dos"
0,"tcp","ftp_data","SF",192,0,"0",0,0,0,0,"1",0,"0","0",0,0,0,0,0,0,"0",2,2,0,0,0,0,1,0,0,122,69,0.14,0.04,0.14,0.03,0,0,0,0,"normal"
8,"tcp","smtp","SF",2333,329,"0",0,0,0,0,"1",0,"0","0",0,0,0,0,0,0,"0",1,1,0,0,0,0,1,0,0,90,164,0.98,0.02,0.01,0.01,0,0,0,0,"normal"
0,"tcp","http","SF",221,643,"0",0,0,0,0,"1",0,"0","0",0,0,0,0,0,0,"0",6,12,0,0,0,0,1,0,0.17,33,255,1,0,0.03,0.02,0,0,0.03,0,"normal"
0,"tcp","private","S0",0,0,"0",0,0,0,0,"0",0,"0","0",0,0,0,0,0,0,"0",275,18,1,1,0,0,0.07,0.06,0,255,14,0.05,0.08,0,0,1,1,0,0,"dos"
0,"tcp","private","S0",0,0,"0",0,0,0,0,"0",0,"0","0",0,0,0,0,0,0,"0",75,4,1,1,0,0,0.05,0.07,0,255,4,0.02,0.05,0,0,1,1,0,0,"dos"
0,"tcp","http","SF",280,321,"0",0,0,0,0,"1",0,"0","0",0,0,0,0,0,0,"0",8,10,0,0,0,0,1,0,0.3,35,255,1,0,0.03,0.03,0,0,0,0,"normal"
0,"tcp","http","SF",315,25391,"0",0,0,0,0,"1",0,"0","0",0,0,0,0,0,0,"0",4,4,0,0,0,0,1,0,0,56,255,1,0,0.02,0.02,0,0,0,0,"normal"
0,"udp","private","SF",28,0,"0",3,0,0,0,"0",0,"0","0",0,0,0,0,0,0,"0",51,51,0,0,0,0,1,0,0,254,51,0.2,0.04,0.2,0,0.02,0,0,0,"dos"
0,"tcp","private","S0",0,0,"0",0,0,0,0,"0",0,"0","0",0,0,0,0,0,0,"0",211,8,1,1,0,0,0.04,0.06,0,255,8,0.03,0.07,0,0,1,1,0,0,"dos"
0,"tcp","http","REJ",0,0,"0",0,0,0,0,"0",0,"0","0",0,0,0,0,0,0,"0",1,1,0,0,1,1,1,0,0,1,171,1,0,1,0.24,0,0,1,1,"normal"
0,"tcp","private","S0",0,0,"0",0,0,0,0,"0",0,"0","0",0,0,0,0,0,0,"0",294,19,1,1,0,0,0.06,0.06,0,255,19,0.07,0.06,0,0,1,1,0,0,"dos"
