1,PoliceReport,3
0,"tcp","private","S0",0,0,"0",0,0,0,0,"0",0,"0","0",0,0,0,0,0,0,"0",123,17,1,1,0,0,0.14,0.07,0,255,17,0.07,0.06,0,0,1,1,0,0,"dos"
0,"udp","private","SF",28,0,"0",3,0,0,0,"0",0,"0","0",0,0,0,0,0,0,"0",184,84,0.54,0,0,0,0.46,0.04,0,255,84,0.33,0.67,0.33,0,0.09,0,0.58,0,"dos"
0,"tcp","private","S0",0,0,"0",0,0,0,0,"0",0,"0","0",0,0,0,0,0,0,"0",116,13,1,1,0,0,0.11,0.07,0,255,3,0.01,0.07,0,0,1,1,0,0,"dos"
0,"tcp","private","REJ",0,0,"0",0,0,0,0,"0",0,"0","0",0,0,0,0,0,0,"0",112,5,0,0,1,1,0.04,0.07,0,255,5,0.02,0.07,0,0,0,0,1,1,"dos"
0,"tcp","http","SF",217,4658,"0",0,0,0,0,"1",0,"0","0",0,0,0,0,0,0,"0",2,15,0,0,0,0,1,0,0.13,2,255,1,0,0.5,0.01,0,0,0,0,"normal"
0,"tcp","http","SF",204,2167,"0",0,0,0,0,"1",0,"0","0",0,0,0,0,0,0,"0",4,22,0,0,0,0,1,0,0.18,4,255,1,0,0.25,0.05,0,0,0,0,"normal"
0,"udp","private","SF",28,0,"0",3,0,0,0,"0",0,"0","0",0,0,0,0,0,0,"0",46,46,0,0,0,0,1,0,0,255,46,0.18,0.01,0.18,0,0,0,0,0,"dos"
0,"tcp","private","S0",0,0,"0",0,0,0,0,"0",0,"0","0",0,0,0,0,0,0,"0",288,13,1,1,0,0,0.05,0.06,0,255,9,0.04,0.07,0,0,1,1,0,0,"dos"
0,"tcp","other","REJ",0,0,"0",0,0,0,0,"0",0,"0","0",0,0,0,0,0,0,"0",511,1,0.2,0,0.8,1,0,1,0,255,1,0,1,0,0,0.27,0,0.73,1,"probe"
0,"tcp","http","SF",163,14506,"0",0,0,0,0,"1",0,"0","0",0,0,0,0,0,0,"0",1,12,0,0,0,0,1,0,0.17,255,255,1,0,0,0,0,0,0,0,"normal"
0,"tcp","http","SF",293,1680,"0",0,0,0,0,"1",0,"0","0",0,0,0,0,0,0,"0",11,11,0,0,0,0,1,0,0,28,255,1,0,0.04,0.04,0,0,0,0,"normal"
0,"tcp","other","REJ",0,0,"0",0,0,0,0,"0",0,"0","0",0,0,0,0,0,0,"0",510,1,0.13,0,0.87,1,0,1,0,255,1,0,1,0,0,0.12,0,0.88,1,"probe"
0,"tcp","http","SF",225,1707,"0",0,0,0,0,"1",0,"0","0",0,0,0,0,0,0,"0",12,13,0,0,0,0,1,0,0.15,12,255,1,0,0.08,0.03,0,0,0,0,"normal"
0,"tcp","ftp_data","SF",7940,0,"0",0,0,0,0,"1",0,"0","0",0,2,0,0,0,0,"0",4,4,0,0,0,0,1,0,0,255,123,0.48,0.04,0.49,0,0,0,0,0,"normal"
0,"tcp","http","SF",252,555,"0",0,0,0,0,"1",0,"0","0",0,0,0,0,0,0,"0",6,8,0,0,0,0,1,0,0.38,255,255,1,0,0,0,0,0,0,0,"normal"
10,"udp","private","SF",105,146,"0",0,0,0,0,"0",0,"0","0",0,0,0,0,0,0,"0",2,2,0,0,0,0,1,0,0,255,228,0.89,0.01,0.01,0,0,0,0,0,"normal"
0,"tcp","private","S0",0,0,"0",0,0,0,0,"0",0,"0","0",0,0,0,0,0,0,"0",27,6,1,1,0,0,0.22,0.19,0,255,6,0.02,0.08,0,0,1,1,0,0,"dos"
0,"tcp","private","S0",0,0,"0",0,0,0,0,"0",0,"0","0",0,0,0,0,0,0,"0",211,13,1,1,0,0,0.06,0.06,0,255,13,0.05,0.05,0,0,1,1,0,0,"dos"
0,"tcp","http","SF",379,10733,"0",0,0,0,0,"1",0,"0","0",0,0,0,0,0,0,"0",11,11,0,0,0,0,1,0,0,221,255,1,0,0,0.02,0,0,0,0,"normal"
2,"tcp","smtp","SF",1032,328,"0",0,0,0,0,"1",0,"0","0",0,0,0,0,0,0,"0",1,2,0,0,0,0,1,0,1,67,39,0.58,0.09,0.01,0,0,0,0,0,"normal"
0,"tcp","http","SF",304,2507,"0",0,0,0,0,"1",0,"0","0",0,0,0,0,0,0,"0",4,4,0,0,0,0,1,0,0,255,254,1,0.01,0,0,0,0,0,0,"normal"
0,"tcp","http","SF",205,312,"0",0,0,0,0,"1",0,"0","0",0,0,0,0,0,0,"0",21,21,0,0,0,0,1,0,0,21,255,1,0,0.05,0.04,0,0,0,0,"normal"
0,"tcp","private","S0",0,0,"0",0,0,0,0,"0",0,"0","0",0,0,0,0,0,0,"0",207,6,1,1,0,0,0.03,0.06,0,255,18,0.07,0.07,0,0,1,1,0,0,"dos"
0,"tcp","ftp_data","SF",12324,0,"0",0,0,0,0,"1",0,"0","0",0,0,0,1,0,0,"0",2,2,0,0,0,0,1,0,0,20,67,0.3,0.2,0.3,0.03,0,0,0,0,"normal"
0,"tcp","http","SF",54540,8314,"0",0,0,2,0,"1",1,"0","0",0,0,0,0,0,0,"0",3,3,0,0,0,0,1,0,0,91,91,1,0,0.01,0,0.01,0.01,0.01,0.01,"dos"
0,"tcp","private","S0",0,0,"0",0,0,0,0,"0",0,"0","0",0,0,0,0,0,0,"0",283,20,1,1,0,0,0.07,0.06,0,255,20,0.08,0.07,0,0,1,1,0,0,"dos"
0,"tcp","http","SF",224,1645,"0",0,0,0,0,"1",0,"0","0",0,0,0,0,0,0,"0",3,18,0,0,0,0,1,0,0.11,255,255,1,0,0,0,0,0,0,0,"normal"
0,"tcp","smtp","SF",889,335,"0",0,0,0,0,"1",0,"0","0",0,0,0,0,0,0,"0",1,1,0,0,0,0,1,0,0,80,155,0.8,0.09,0.01,0.02,0,0,0,0,"normal"
0,"tcp","private","REJ",0,0,"0",0,0,0,0,"0",0,"0","0",0,0,0,0,0,0,"0",97,6,0,0,1,1,0.06,0.06,0,255,6,0.02,0.07,0,0,0,0,1,1,"dos"
0,"tcp","http","SF",146,30570,"0",0,0,0,0,"1",0,"0","0",0,0,0,0,0,0,"0",1,1,0,0,0,0,1,0,0,255,255,1,0,0,0,0,0,0,0,"normal"
0,"tcp","private","S0",0,0,"0",0,0,0,0,"0",0,"0","0",0,0,0,0,0,0,"0",287,4,1,1,0,0,0.01,0.06,0,255,12,0.05,0.07,0,0,1,1,0,0,"dos"
0,"tcp","http","SF",285,3173,"0",0,0,0,0,"1",0,"0","0",0,0,0,0,0,0,"0",3,3,0,0,0,0,1,0,0,255,255,1,0,0,0,0,0,0,0,"normal"
0,"tcp","private","S0",0,0,"0",0,0,0,0,"0",0,"0","0",0,0,0,0,0,0,"0",215,24,1,1,0,0,0.11,0.05,0,255,24,0.09,0.06,0,0,1,1,0,0,"dos"
0,"tcp","http","SF",296,12249,"0",0,0,0,0,"1",0,"0","0",0,0,0,0,0,0,"0",1,2,0,0,0,0,1,0,1,3,255,1,0,0.33,0.02,0,0,0,0,"normal"
0,"tcp","private","REJ",0,0,"0",0,0,0,0,"0",0,"0","0",0,0,0,0,0,0,"0",216,4,0,0,1,1,0.02,0.07,0,255,4,0.02,0.08,0,0,0,0,1,1,"dos"
0,"tcp","http","SF",223,397,"0",0,0,0,0,"1",0,"0","0",0,0,0,0,0,0,"0",8,8,0,0,0,0,1,0,0,255,255,1,0,0,0,0,0,0,0,"normal"
0,"tcp","http","SF",219,2408,"0",0,0,0,0,"1",0,"0","0",0,0,0,0,0,0,"0",12,24,0,0,0,0,1,0,0.08,75,255,1,0,0.01,0.02,0,0,0,0,"normal"
0,"tcp","private","S0",0,0,"0",0,0,0,0,"0",0,"0","0",0,0,0,0,0,0,"0",18,6,1,1,0,0,0.33,0.17,0,255,6,0.02,0.07,0,0,1,1,0,0,"dos"
0,"tcp","http","SF",220,6895,"0",0,0,0,0,"1",0,"0","0",0,0,0,0,0,0,"0",17,17,0,0,0,0,1,0,0,255,255,1,0,0,0,0,0,0,0,"normal"
0,"tcp","private","S0",0,0,"0",0,0,0,0,"0",0,"0","0",0,0,0,0,0,0,"0",111,6,1,1,0,0,0.05,0.06,0,255,15,0.06,0.06,0,0,1,1,0,0,"dos"
0,"tcp","http","SF",304,1075,"0",0,0,0,0,"1",0,"0","0",0,0,0,0,0,0,"0",7,7,0,0,0,0,1,0,0,255,237,0.93,0.01,0,0,0,0,0,0,"normal"
0,"tcp","http","SF",165,346,"0",0,0,0,0,"1",0,"0","0",0,0,0,0,0,0,"0",1,1,0,0,0,0,1,0,0,2,255,1,0,0.5,0.05,0,0.01,0,0.01,"normal"
0,"tcp","ftp_data","SF",740,0,"0",0,0,0,0,"0",0,"0","0",0,0,0,0,0,0,"0",2,2,0,0,0,0,1,0,0,56,75,0.36,0.07,0.36,0.03,0,0,0,0,"normal"
0,"tcp","finger","S0",0,0,"0",0,0,0,0,"0",0,"0","0",0,0,0,0,0,0,"0",242,12,1,1,0,0,0.05,0.06,0,255,12,0.05,0.07,0,0,1,1,0,0,"dos"
0,"tcp","http","SF",328,603,"0",0,0,0,0,"1",0,"0","0",0,0,0,0,0,0,"0",4,5,0,0,0,0,1,0,0.4,46,255,1,0,0.02,0.03,0,0,0,0,"normal"
0,"tcp","http","SF",224,1191,"0",0,0,0,0,"1",0,"0","0",0,0,0,0,0,0,"0",20,20,0,0,0,0,1,0,0,63,255,1,0,0.02,0.01,0,0,0,0,"normal"
0,"udp","private","SF",28,0,"0",3,0,0,0,"0",0,"0","0",0,0,0,0,0,0,"0",17,17,0,0,0,0,1,0,0,89,17,0.19,0.04,0.19,0,0,0,0,0,"dos"
0,"tcp","private","S0",0,0,"0",0,0,0,0,"0",0,"0","0",0,0,0,0,0,0,"0",115,17,1,1,0,0,0.15,0.05,0,255,7,0.03,0.07,0,0,1,1,0,0,"dos"
0,"icmp","ecr_i","SF",1032,0,"0",0,0,0,0,"0",0,"0","0",0,0,0,0,0,0,"0",261,261,0,0,0,0,1,0,0,255,255,1,0,1,0,0,0,0,0,"dos"
0,"tcp","private","S0",0,0,"0",0,0,0,0,"0",0,"0","0",0,0,0,0,0,0,"0",209,8,1,1,0,0,0.04,0.06,0,255,4,0.02,0.07,0,0,1,1,0,0,"dos"
0,"tcp","http","SF",233,1075,"0",0,0,0,0,"1",0,"0","0",0,0,0,0,0,0,"0",4,4,0,0,0,0,1,0,0,255,246,0.96,0.01,0,0,0,0,0,0,"normal"
0,"tcp","http","SF",305,1380,"0",0,0,0,0,"1",0,"0","0",0,0,0,0,0,0,"0",2,2,0,0,0,0,1,0,0,255,254,1,0.01,0,0,0,0,0,0,"normal"
0,"tcp","http","S0",0,0,"0",0,0,0,0,"0",0,"0","0",0,0,0,0,0,0,"0",24,13,1,1,0,0,0.54,0.17,0,255,57,0.22,0.03,0.01,0,1,1,0,0,"dos"
0,"tcp","http","SF",298,515,"0",0,0,0,0,"1",0,"0","0",0,0,0,0,0,0,"0",1,15,0,0,0,0,1,0,0.13,3,255,1,0,0.33,0.01,0,0,0,0,"normal"
0,"tcp","http","SF",212,4633,"0",0,0,0,0,"1",0,"0","0",0,0,0,0,0,0,"0",1,21,0,0,0,0,1,0,0.14,1,255,1,0,1,0.02,0,0,0,0,"normal"
0,"tcp","smtp","SF",759,330,"0",0,0,0,0,"1",0,"0","0",0,0,0,0,0,0,"0",1,2,0,0,0,0,1,0,1,205,123,0.52,0.01,0,0.02,0,0,0,0,"normal"
0,"tcp","private","REJ",0,0,"0",0,0,0,0,"0",0,"0","0",0,0,0,0,0,0,"0",349,1,0.03,0,0.96,1,0,1,0,255,1,0,1,0,0,0.03,0,0.97,1,"probe"
0,"tcp","private","S0",0,0,"0",0,0,0,0,"0",0,"0","0",0,0,0,0,0,0,"0",99,13,1,1,0,0,0.13,0.06,0,255,13,0.05,0.06,0,0,1,1,0,0,"dos"
0,"tcp","private","S0",0,0,"0",0,0,0,0,"0",0,"0","0",0,0,0,0,0,0,"0",123,13,1,1,0,0,0.11,0.07,0,255,19,0.07,0.06,0,0,1,1,0,0,"dos"
0,"icmp","ecr_i","SF",1032,0,"0",0,0,0,0,"0",0,"0","0",0,0,0,0,0,0,"0",257,257,0,0,0,0,1,0,0,255,255,1,0,1,0,0,0,0,0,"dos"
0,"tcp","sunrpc","S0",0,0,"0",0,0,0,0,"0",0,"0","0",0,0,0,0,0,0,"0",243,19,1,1,0,0,0.08,0.05,0,255,19,0.07,0.06,0,0,1,1,0,0,"dos"
0,"tcp","smtp","SF",931,327,"0",0,0,0,0,"1",0,"0","0",0,0,0,0,0,0,"0",1,1,0,0,0,0,1,0,0,33,173,0.91,0.09,0.03,0.01,0,0,0,0,"normal"
14682,"tcp","other","RSTR",1,0,"0",0,0,0,0,"0",0,"0","0",0,0,0,0,0,0,"0",2,2,0,0,1,1,1,0,0,255,2,0.01,0.67,1,0,0,0,1,1,"probe"
0,"tcp","private","S0",0,0,"0",0,0,0,0,"0",0,"0","0",0,0,0,0,0,0,"0",118,2,1,1,0,0,0.02,0.07,0,255,2,0.01,0.07,0,0,1,1,0,0,"dos"
0,"tcp","http","SF",255,397,"0",0,0,0,0,"1",0,"0","0",0,0,0,0,0,0,"0",4,4,0,0,0,0,1,0,0,255,255,1,0,0,0,0,0,0,0,"normal"
0,"tcp","http","SF",236,1115,"0",0,0,0,0,"1",0,"0","0",0,0,0,0,0,0,"0",5,5,0,0,0,0,1,0,0,40,255,1,0,0.03,0.03,0,0,0,0,"normal"
1,"tcp","smtp","SF",739,330,"0",0,0,0,0,"1",0,"0","0",0,0,0,0,0,0,"0",1,2,0,0,0,0,1,0,1,4,102,1,0,0.25,0.02,0,0,0,0,"normal"
0,"tcp","private","S0",0,0,"0",0,0,0,0,"0",0,"0","0",0,0,0,0,0,0,"0",144,19,1,1,0,0,0.13,0.06,0,255,17,0.07,0.07,0,0,1,1,0,0,"dos"
0,"tcp","private","S0",0,0,"0",0,0,0,0,"0",0,"0","0",0,0,0,0,0,0,"0",281,16,1,1,0,0,0.06,0.06,0,255,16,0.06,0.07,0,0,1,1,0,0,"dos"
0,"tcp","private","S0",0,0,"0",0,0,0,0,"0",0,"0","0",0,0,0,0,0,0,"0",273,9,1,1,0,0,0.03,0.05,0,255,12,0.05,0.08,0,0,1,1,0,0,"dos"
0,"tcp","private","S0",0,0,"0",0,0,0,0,"0",0,"0","0",0,0,0,0,0,0,"0",141,13,1,1,0,0,0.09,0.06,0,87,13,0.15,0.09,0.01,0,1,1,0,0,"dos"
0,"tcp","private","REJ",0,0,"0",0,0,0,0,"0",0,"0","0",0,0,0,0,0,0,"0",254,13,0,0,1,1,0.05,0.07,0,255,13,0.05,0.07,0,0,0,0,1,1,"dos"
0,"tcp","telnet","S0",0,0,"0",0,0,0,0,"0",0,"0","0",0,0,0,0,0,0,"0",281,10,1,1,0,0,0.04,0.06,0,255,10,0.04,0.07,0,0,1,1,0,0,"dos"
0,"tcp","http","SF",230,241,"0",0,0,0,0,"1",0,"0","0",0,0,0,0,0,0,"0",3,16,0,0,0,0,1,0,0.12,21,255,1,0,0.05,0.05,0,0,0,0.01,"normal"
0,"tcp","http","SF",223,1701,"0",0,0,0,0,"1",0,"0","0",0,0,0,0,0,0,"0",9,9,0,0,0,0,1,0,0,255,255,1,0,0,0,0,0,0,0,"normal"
0,"tcp","http","SF",309,1748,"0",0,0,0,0,"1",0,"0","0",0,0,0,0,0,0,"0",9,9,0,0,0,0,1,0,0,26,255,1,0,0.04,0.02,0,0,0,0,"normal"
0,"tcp","http","SF",231,1813,"0",0,0,0,0,"1",0,"0","0",0,0,0,0,0,0,"0",8,26,0,0,0,0,1,0,0.12,186,255,1,0,0.01,0.02,0,0,0,0,"normal"
0,"tcp","ftp_data","SF",5319,0,"0",0,0,0,0,"1",0,"0","0",0,0,0,0,0,0,"0",3,3,0,0,0,0,1,0,0,73,9,0.12,0.05,0.12,0,0,0,0,0,"normal"
2,"tcp","smtp","SF",3163,332,"0",0,0,0,0,"1",0,"0","0",0,0,0,0,0,0,"0",1,3,0,0,0,0,1,0,1,119,125,0.57,0.06,0.01,0.02,0.01,0.01,0,0,"normal"
0,"tcp","private","S0",0,0,"0",0,0,0,0,"0",0,"0","0",0,0,0,0,0,0,"0",257,7,1,1,0,0,0.03,0.07,0,255,7,0.03,0.08,0,0,1,1,0,0,"dos"
0,"tcp","http","SF",342,287,"0",0,0,0,0,"1",0,"0","0",0,0,0,0,0,0,"0",4,4,0,0,0,0,1,0,0,255,255,1,0,0,0,0,0,0,0,"normal"
0,"tcp","ftp_data","SF",59,0,"0",0,0,0,0,"0",0,"0","0",0,0,0,0,0,0,"0",10,10,0,0,0,0,1,0,0,232,38,0.16,0.01,0.16,0.05,0,0,0,0,"normal"
0,"tcp","private","S0",0,0,"0",0,0,0,0,"0",0,"0","0",0,0,0,0,0,0,"0",293,8,1,1,0,0,0.03,0.06,0,255,8,0.03,0.07,0,0,1,1,0,0,"dos"
0,"tcp","http","SF",396,6629,"0",0,0,0,0,"1",0,"0","0",0,0,0,0,0,0,"0",7,7,0,0,0,0,1,0,0,29,255,1,0,0.03,0.03,0,0,0,0,"normal"
0,"tcp","private","S0",0,0,"0",0,0,0,0,"0",0,"0","0",0,0,0,0,0,0,"0",277,20,1,1,0,0,0.07,0.06,0,255,20,0.08,0.08,0,0,1,1,0,0,"dos"
0,"tcp","http","SF",288,406,"0",0,0,0,0,"1",0,"0","0",0,0,0,0,0,0,"0",15,16,0,0,0,0,1,0,0.12,255,255,1,0,0,0,0,0,0,0,"normal"
0,"tcp","login","S0",0,0,"0",0,0,0,0,"0",0,"0","0",0,0,0,0,0,0,"0",107,7,1,1,0,0,0.07,0.07,0,255,8,0.03,0.06,0,0,1,1,0,0,"dos"
0,"tcp","private","S0",0,0,"0",0,0,0,0,"0",0,"0","0",0,0,0,0,0,0,"0",113,7,1,1,0,0,0.06,0.06,0,255,7,0.03,0.07,0,0,1,1,0,0,"dos"
0,"tcp","private","S0",0,0,"0",0,0,0,0,"0",0,"0","0",0,0,0,0,0,0,"0",101,15,1,1,0,0,0.15,0.06,0,255,4,0.02,0.07,0,0,1,1,0,0,"dos"
0,"tcp","http","SF",254,2005,"0",0,0,0,0,"1",0,"0","0",0,0,0,0,0,0,"0",3,3,0,0,0,0,1,0,0,255,255,1,0,0,0,0,0,0,0,"normal"
0,"tcp","http","SF",298,1436,"0",0,0,0,0,"1",0,"0","0",0,0,0,0,0,0,"0",9,9,0,0,0,0,1,0,0,25,255,1,0,0.04,0.02,0,0,0,0,"normal"
0,"tcp","private","RSTR",0,0,"0",0,0,0,0,"0",0,"0","0",0,0,0,0,0,0,"0",1,1,0,0,1,1,1,0,0,255,1,0,0.87,0.87,0,0,0,0.87,1,"probe"
0,"tcp","private","S0",0,0,"0",0,0,0,0,"0",0,"0","0",0,0,0,0,0,0,"0",133,24,1,1,0,0,0.18,0.05,0,255,24,0.09,0.04,0,0,1,1,0,0,"dos"
0,"tcp","sunrpc","S0",0,0,"0",0,0,0,0,"0",0,"0","0",0,0,0,0,0,0,"0",223,10,1,1,0,0,0.04,0.06,0,255,10,0.04,0.07,0,0,1,1,0,0,"dos"
0,"udp","domain_u","SF",27,27,"0",0,0,0,0,"0",0,"0","0",0,0,0,0,0,0,"0",2,7,0,0,0,0,1,0,0.57,255,253,0.99,0.01,0,0,0,0,0,0,"normal"
490,"tcp","http","SF",320,270,"0",0,0,0,0,"1",0,"0","0",0,0,0,0,0,0,"0",3,3,0,0,0,0,1,0,0,255,245,0.96,0.01,0,0,0,0,0,0,"normal"
0,"tcp","http","SF",202,8053,"0",0,0,0,0,"1",0,"0","0",0,0,0,0,0,0,"0",6,6,0,0,0,0,1,0,0,6,255,1,0,0.17,0.04,0,0,0,0,"normal"
0,"tcp","private","S0",0,0,"0",0,0,0,0,"0",0,"0","0",0,0,0,0,0,0,"0",108,8,1,1,0,0,0.07,0.06,0,255,8,0.03,0.05,0,0,1,1,0,0,"dos"
1,"tcp","smtp","SF",1519,333,"0",0,0,0,0,"1",0,"0","0",0,0,0,0,0,0,"0",1,2,0,0,0,0,1,0,1,124,106,0.63,0.02,0.01,0.02,0,0,0,0,"normal"
0,"tcp","http","SF",207,76,"0",0,0,0,0,"1",0,"0","0",0,0,0,0,0,0,"0",2,2,0,0,0,0,1,0,0,119,255,1,0,0.01,0.01,0,0,0,0,"normal"
