2,PoliceReport,1
0,"tcp","hostnames","S0",0,0,"0",0,0,0,0,"0",0,"0","0",0,0,0,0,0,0,"0",273,11,1,1,0,0,0.04,0.07,0,255,11,0.04,0.07,0,0,1,1,0,0,"dos"
0,"tcp","http","SF",272,1174,"0",0,0,0,0,"1",0,"0","0",0,0,0,0,0,0,"0",15,19,0,0,0,0,1,0,0.11,255,255,1,0,0,0,0,0,0,0,"normal"
0,"tcp","smtp","SF",1634,330,"0",0,0,0,0,"1",0,"0","0",0,0,0,0,0,0,"0",1,2,0,0,0,0,1,0,1,61,192,0.95,0.07,0.02,0.01,0,0,0,0,"normal"
0,"tcp","private","S0",0,0,"0",0,0,0,0,"0",0,"0","0",0,0,0,0,0,0,"0",211,5,1,1,0,0,0.02,0.08,0,255,5,0.02,0.08,0,0,1,1,0,0,"dos"
0,"tcp","http","SF",197,6356,"0",0,0,0,0,"1",0,"0","0",0,0,0,0,0,0,"0",20,20,0,0,0,0,1,0,0,255,255,1,0,0,0,0,0,0,0,"normal"
0,"tcp","http","SF",237,1484,"0",0,0,0,0,"1",0,"0","0",0,0,0,0,0,0,"0",8,8,0,0,0,0,1,0,0,255,255,1,0,0,0,0,0,0,0,"normal"
0,"tcp","private","S0",0,0,"0",0,0,0,0,"0",0,"0","0",0,0,0,0,0,0,"0",141,9,1,1,0,0,0.06,0.06,0,255,11,0.04,0.05,0,0,1,1,0,0,"dos"
0,"tcp","private","S0",0,0,"0",0,0,0,0,"0",0,"0","0",0,0,0,0,0,0,"0",111,11,1,1,0,0,0.1,0.05,0,255,11,0.04,0.04,0,0,1,1,0,0,"dos"
0,"tcp","private","S0",0,0,"0",0,0,0,0,"0",0,"0","0",0,0,0,0,0,0,"0",253,6,1,1,0,0,0.02,0.06,0,255,2,0.01,0.07,0,0,1,1,0,0,"dos"
0,"tcp","private","S0",0,0,"0",0,0,0,0,"0",0,"0","0",0,0,0,0,0,0,"0",108,6,1,1,0,0,0.06,0.06,0,255,6,0.02,0.08,0,0,1,1,0,0,"dos"
20324,"udp","other","SF",145,105,"0",0,0,0,0,"0",0,"0","0",0,0,0,0,0,0,"0",1,1,0,0,0,0,1,0,0,255,1,0,0.62,0.84,0,0,0,0,0,"normal"
0,"tcp","private","REJ",0,0,"0",0,0,0,0,"0",0,"0","0",0,0,0,0,0,0,"0",111,16,0,0,1,1,0.14,0.07,0,255,16,0.06,0.07,0,0,0,0,1,1,"dos"
0,"tcp","http","SF",269,39243,"0",0,0,0,0,"1",0,"0","0",0,0,0,0,0,0,"0",1,1,0,0,0,0,1,0,0,255,255,1,0,0,0,0,0,0,0,"normal"
0,"tcp","private","S0",0,0,"0",0,0,0,0,"0",0,"0","0",0,0,0,0,0,0,"0",127,9,1,1,0,0,0.07,0.06,0,255,17,0.07,0.06,0,0,1,1,0,0,"dos"
0,"tcp","private","S0",0,0,"0",0,0,0,0,"0",0,"0","0",0,0,0,0,0,0,"0",128,19,1,1,0,0,0.15,0.05,0,255,19,0.07,0.05,0,0,1,1,0,0,"dos"
0,"tcp","http","SF",366,6781,"0",0,0,0,0,"1",0,"0","0",0,0,0,0,0,0,"0",5,6,0,0,0,0,1,0,0.33,255,255,1,0,0,0,0,0,0,0,"normal"
0,"tcp","private","S0",0,0,"0",0,0,0,0,"0",0,"0","0",0,0,0,0,0,0,"0",123,2,1,1,0,0,0.02,0.08,0,255,2,0.01,0.07,0,0,1,1,0,0,"dos"
0,"tcp","http","SF",208,2916,"0",0,0,0,0,"1",0,"0","0",0,0,0,0,0,0,"0",12,12,0,0,0,0,1,0,0,12,255,1,0,0.08,0.09,0,0,0,0,"normal"
0,"tcp","ftp_data","SF",7012,0,"0",0,0,0,0,"1",0,"0","0",0,0,0,0,0,0,"0",5,5,0,0,0,0,1,0,0,255,82,0.32,0.02,0.32,0,0,0,0,0,"normal"
0,"tcp","http","SF",305,2698,"0",0,0,0,0,"1",0,"0","0",0,0,0,1,0,0,"0",3,3,0,0,0,0,1,0,0,255,242,0.95,0.01,0,0,0,0,0,0,"normal"
0,"tcp","smtp","SF",1832,331,"0",0,0,0,0,"1",0,"0","0",0,0,0,0,0,0,"0",1,1,0,0,0,0,1,0,0,60,153,0.77,0.07,0.02,0.01,0,0,0,0,"normal"
0,"tcp","private","REJ",0,0,"0",0,0,0,0,"0",0,"0","0",0,0,0,0,0,0,"0",205,6,0,0,1,1,0.03,0.08,0,255,6,0.02,0.09,0,0,0,0,1,1,"dos"
0,"tcp","http","SF",331,1012,"0",0,0,0,0,"1",0,"0","0",0,0,0,0,0,0,"0",22,23,0,0,0,0,1,0,0.09,255,255,1,0,0,0,0,0,0,0,"normal"
0,"tcp","private","S0",0,0,"0",0,0,0,0,"0",0,"0","0",0,0,0,0,0,0,"0",104,11,1,1,0,0,0.11,0.06,0,255,14,0.05,0.07,0,0,1,1,0,0,"dos"
0,"tcp","private","S0",0,0,"0",0,0,0,0,"0",0,"0","0",0,0,0,0,0,0,"0",115,11,1,1,0,0,0.1,0.06,0,255,11,0.04,0.07,0,0,1,1,0,0,"dos"
0,"tcp","private","S0",0,0,"0",0,0,0,0,"0",0,"0","0",0,0,0,0,0,0,"0",220,25,1,1,0,0,0.11,0.05,0,255,25,0.1,0.06,0,0,1,1,0,0,"dos"
0,"tcp","private","S0",0,0,"0",0,0,0,0,"0",0,"0","0",0,0,0,0,0,0,"0",254,7,1,1,0,0,0.03,0.05,0,255,7,0.03,0.05,0,0,1,1,0,0,"dos"
0,"tcp","private","S0",0,0,"0",0,0,0,0,"0",0,"0","0",0,0,0,0,0,0,"0",264,5,1,1,0,0,0.02,0.05,0,255,5,0.02,0.05,0,0,1,1,0,0,"dos"
0,"tcp","http","SF",332,274,"0",0,0,0,0,"1",0,"0","0",0,0,0,0,0,0,"0",24,25,0,0,0,0,1,0,0.08,255,255,1,0,0,0,0,0,0,0,"normal"
0,"tcp","http","REJ",0,0,"0",0,0,0,0,"0",0,"0","0",0,0,0,0,0,0,"0",1,1,0,0,1,1,1,0,0,66,200,1,0,0.02,0.15,0,0,1,1,"normal"
0,"tcp","private","S0",0,0,"0",0,0,0,0,"0",0,"0","0",0,0,0,0,0,0,"0",219,15,1,1,0,0,0.07,0.06,0,255,15,0.06,0.07,0,0,1,1,0,0,"dos"
0,"tcp","http","REJ",0,0,"0",0,0,0,0,"0",0,"0","0",0,0,0,0,0,0,"0",1,1,0,0,1,1,1,0,0,20,255,1,0,0.05,0.13,0,0,1,0.87,"normal"
0,"tcp","http","REJ",0,0,"0",0,0,0,0,"0",0,"0","0",0,0,0,0,0,0,"0",1,2,0,0,1,1,1,0,1,1,255,1,0,1,0.1,0,0,1,0.72,"normal"
0,"tcp","ftp_data","SF",6932,0,"0",0,0,0,0,"1",0,"0","0",0,0,0,0,0,0,"0",2,2,0,0,0,0,1,0,0,105,74,0.53,0.03,0.53,0.04,0.01,0.01,0,0,"normal"
0,"tcp","http","SF",336,1831,"0",0,0,0,0,"1",0,"0","0",0,0,0,0,0,0,"0",9,10,0,0,0,0,1,0,0.2,28,255,1,0,0.04,0.03,0,0,0,0,"normal"
0,"tcp","private","S0",0,0,"0",0,0,0,0,"0",0,"0","0",0,0,0,0,0,0,"0",131,11,1,1,0,0,0.08,0.06,0,255,11,0.04,0.06,0,0,1,1,0,0,"dos"
0,"tcp","http","SF",242,2484,"0",0,0,0,0,"1",0,"0","0",0,0,0,0,0,0,"0",7,7,0,0,0,0,1,0,0,237,255,1,0,0,0.01,0,0,0,0,"normal"
0,"tcp","http","SF",318,33453,"0",0,0,0,0,"1",0,"0","0",0,0,0,0,0,0,"0",2,43,0,0,0,0,1,0,0.07,5,255,1,0,0.2,0.04,0,0,0,0,"normal"
0,"tcp","http","SF",231,480,"0",0,0,0,0,"1",0,"0","0",0,0,0,0,0,0,"0",3,3,0,0,0,0,1,0,0,129,255,1,0,0.01,0.01,0,0,0,0,"normal"
0,"tcp","http","REJ",0,0,"0",0,0,0,0,"0",0,"0","0",0,0,0,0,0,0,"0",1,1,0,0,1,1,1,0,0,56,255,1,0,0.02,0.14,0,0,1,0.99,"normal"
0,"tcp","http","REJ",0,0,"0",0,0,0,0,"0",0,"0","0",0,0,0,0,0,0,"0",1,2,0,0,1,1,1,0,1,2,54,1,0,0.5,0.2,0,0,1,1,"normal"
0,"tcp","http","REJ",0,0,"0",0,0,0,0,"0",0,"0","0",0,0,0,0,0,0,"0",1,1,0,0,1,1,1,0,0,63,239,1,0,0.02,0.16,0,0,1,1,"normal"
0,"tcp","private","S0",0,0,"0",0,0,0,0,"0",0,"0","0",0,0,0,0,0,0,"0",38,13,1,1,0,0,0.34,0.16,0,255,13,0.05,0.09,0,0,1,1,0,0,"dos"
1,"tcp","smtp","SF",1175,332,"0",0,0,0,0,"1",0,"0","0",0,0,0,0,0,0,"0",1,2,0,0,0,0,1,0,1,45,216,0.98,0.04,0.02,0.01,0,0,0,0,"normal"
0,"tcp","http","SF",295,6300,"0",0,0,0,0,"1",0,"0","0",0,0,0,0,0,0,"0",1,42,0,0.02,0,0,1,0,0.19,2,255,1,0,0.5,0.01,0,0,0,0,"normal"
0,"tcp","http","SF",353,405,"0",0,0,0,0,"1",0,"0","0",0,0,0,0,0,0,"0",8,8,0,0,0,0,1,0,0,255,255,1,0,0,0,0,0,0,0,"normal"
0,"tcp","private","S0",0,0,"0",0,0,0,0,"0",0,"0","0",0,0,0,0,0,0,"0",214,18,1,1,0,0,0.08,0.06,0,255,15,0.06,0.07,0,0,1,1,0,0,"dos"
0,"tcp","private","S0",0,0,"0",0,0,0,0,"0",0,"0","0",0,0,0,0,0,0,"0",113,3,1,1,0,0,0.03,0.06,0,255,6,0.02,0.07,0,0,1,1,0,0,"dos"
0,"tcp","http","SF",147,28382,"0",0,0,3,0,"1",0,"0","0",0,0,0,0,0,0,"0",1,1,0,0,0,0,1,0,0,58,255,1,0,0.02,0.03,0.05,0.01,0,0,"normal"
0,"tcp","http","SF",263,327,"0",0,0,0,0,"1",0,"0","0",0,0,0,0,0,0,"0",3,12,0,0,0,0,1,0,0.33,136,255,1,0,0.01,0.02,0,0,0,0,"normal"
0,"tcp","private","S0",0,0,"0",0,0,0,0,"0",0,"0","0",0,0,0,0,0,0,"0",130,17,1,1,0,0,0.13,0.06,0,255,36,0.14,0.05,0,0,1,1,0,0,"dos"
0,"tcp","private","S0",0,0,"0",0,0,0,0,"0",0,"0","0",0,0,0,0,0,0,"0",231,12,1,1,0,0,0.05,0.06,0,255,15,0.06,0.06,0,0,1,1,0,0,"dos"
0,"tcp","private","REJ",0,0,"0",0,0,0,0,"0",0,"0","0",0,0,0,0,0,0,"0",111,15,0,0,1,1,0.14,0.06,0,255,15,0.06,0.06,0,0,0,0,1,1,"dos"
0,"tcp","http","SF",227,5605,"0",0,0,0,0,"1",0,"0","0",0,0,0,0,0,0,"0",1,5,0,0,0,0,1,0,0.6,1,255,1,0,1,0.04,0,0.01,0,0,"normal"
0,"tcp","http","SF",341,8454,"0",0,0,0,0,"1",0,"0","0",0,0,0,0,0,0,"0",1,1,0,0,0,0,1,0,0,121,255,1,0,0.01,0.05,0,0,0,0,"normal"
0,"tcp","http","REJ",0,0,"0",0,0,0,0,"0",0,"0","0",0,0,0,0,0,0,"0",1,2,0,0,1,1,1,0,1,85,87,1,0,0.01,0.02,0,0,1,1,"normal"
0,"udp","domain_u","SF",43,131,"0",0,0,0,0,"0",0,"0","0",0,0,0,0,0,0,"0",77,157,0,0,0,0,1,0,0.01,255,254,1,0.01,0,0,0,0,0,0,"normal"
630,"tcp","other","RSTR",1,0,"0",0,0,0,0,"0",0,"0","0",0,0,0,0,0,0,"0",2,2,0,0,1,1,1,0,0,255,2,0.01,0.73,1,0,0,0,1,1,"probe"
0,"tcp","http","SF",391,240,"0",0,0,0,0,"1",0,"0","0",0,0,0,0,0,0,"0",2,9,0,0,0,0,1,0,0.22,11,255,1,0,0.09,0.05,0,0,0,0,"normal"
0,"tcp","http","SF",232,1380,"0",0,0,0,0,"1",0,"0","0",0,0,0,0,0,0,"0",2,2,0,0,0,0,1,0,0,255,250,0.98,0.01,0,0,0,0,0,0,"normal"
0,"tcp","http","SF",321,707,"0",0,0,0,0,"1",0,"0","0",0,0,0,0,0,0,"0",10,10,0,0,0,0,1,0,0,169,255,1,0,0.01,0.02,0.01,0.01,0,0,"normal"
0,"tcp","private","S0",0,0,"0",0,0,0,0,"0",0,"0","0",0,0,0,0,0,0,"0",217,17,1,1,0,0,0.08,0.06,0,255,17,0.07,0.08,0,0,1,1,0,0,"dos"
0,"tcp","private","S0",0,0,"0",0,0,0,0,"0",0,"0","0",0,0,0,0,0,0,"0",269,12,1,1,0,0,0.04,0.06,0,255,12,0.05,0.08,0,0,1,1,0,0,"dos"
0,"udp","domain_u","SF",45,115,"0",0,0,0,0,"0",0,"0","0",0,0,0,0,0,0,"0",2,4,0,0,0,0,1,0,0.5,22,21,0.95,0.09,0.05,0,0,0,0,0,"normal"
0,"udp","private","SF",105,0,"0",0,0,0,0,"0",0,"0","0",0,0,0,0,0,0,"0",1,1,0,0,0,0,1,0,0,255,228,0.89,0.01,0.01,0,0,0,0,0,"normal"
0,"tcp","private","S0",0,0,"0",0,0,0,0,"0",0,"0","0",0,0,0,0,0,0,"0",214,10,1,1,0,0,0.05,0.06,0,255,8,0.03,0.09,0,0,1,1,0,0,"dos"
0,"udp","private","SF",105,105,"0",0,0,0,0,"0",0,"0","0",0,0,0,0,0,0,"0",1,1,0,0,0,0,1,0,0,255,250,0.98,0.01,0,0,0,0,0,0,"normal"
0,"tcp","private","S0",0,0,"0",0,0,0,0,"0",0,"0","0",0,0,0,0,0,0,"0",22,6,1,1,0,0,0.27,0.27,0,255,6,0.02,0.08,0,0,1,1,0,0,"dos"
0,"tcp","private","REJ",0,0,"0",0,0,0,0,"0",0,"0","0",0,0,0,0,0,0,"0",222,3,0,0,1,1,0.01,0.07,0,255,3,0.01,0.08,0,0,0,0,1,1,"dos"
0,"tcp","http","SF",225,470,"0",0,0,0,0,"1",0,"0","0",0,0,0,0,0,0,"0",9,16,0,0,0,0,1,0,0.12,194,255,1,0,0.01,0.01,0,0,0,0,"normal"
0,"tcp","private","S0",0,0,"0",0,0,0,0,"0",0,"0","0",0,0,0,0,0,0,"0",178,13,1,1,0,0,0.07,0.08,0,255,13,0.05,0.07,0,0,1,1,0,0,"dos"
0,"udp","private","SF",1,0,"0",0,0,0,0,"0",0,"0","0",0,0,0,0,0,0,"0",12,12,0,0,0,0,1,0,0,255,12,0.05,0.95,0.06,0,0.13,0,0.82,0,"probe"
0,"tcp","private","REJ",0,0,"0",0,0,0,0,"0",0,"0","0",0,0,0,0,0,0,"0",279,16,0,0,1,1,0.06,0.06,0,255,16,0.06,0.08,0,0,0,0,1,1,"dos"
0,"tcp","http","SF",198,1145,"0",0,0,0,0,"1",0,"0","0",0,0,0,0,0,0,"0",15,37,0.07,0.08,0,0,1,0,0.16,134,184,1,0,0.01,0.02,0.01,0.01,0,0.01,"normal"
0,"tcp","http","SF",241,2999,"0",0,0,0,0,"1",0,"0","0",0,0,0,0,0,0,"0",1,15,0,0,0,0.07,1,0,0.4,3,255,1,0,0.33,0.06,0,0,0,0,"normal"
0,"tcp","http","SF",320,9417,"0",0,0,0,0,"1",0,"0","0",0,0,0,0,0,0,"0",9,11,0,0,0,0,1,0,0.27,255,255,1,0,0.01,0,0,0,0,0,"normal"
0,"tcp","private","S0",0,0,"0",0,0,0,0,"0",0,"0","0",0,0,0,0,0,0,"0",193,5,1,1,0,0,0.03,0.05,0,255,5,0.02,0.05,0,0,1,1,0,0,"dos"
0,"tcp","http","SF",213,313,"0",0,0,0,0,"1",0,"0","0",0,0,0,0,0,0,"0",18,18,0,0,0,0,1,0,0,255,255,1,0,0,0,0,0,0,0,"normal"
0,"tcp","http","SF",290,2878,"0",0,0,0,0,"1",0,"0","0",0,0,0,0,0,0,"0",4,5,0,0,0,0,1,0,0.4,5,255,1,0,0.2,0.02,0,0,0,0,"normal"
0,"tcp","http","SF",299,7830,"0",0,0,0,0,"1",0,"0","0",0,0,0,0,0,0,"0",12,12,0,0,0,0,1,0,0,255,255,1,0,0,0,0,0,0,0,"normal"
0,"tcp","remote_job","REJ",0,0,"0",0,0,0,0,"0",0,"0","0",0,0,0,0,0,0,"0",240,10,0,0,1,1,0.04,0.07,0,255,10,0.04,0.07,0,0,0,0,1,1,"dos"
0,"tcp","smtp","SF",878,333,"0",0,0,0,0,"1",0,"0","0",0,0,0,0,0,0,"0",1,1,0,0,0,0,1,0,0,65,141,0.6,0.09,0.02,0.02,0.02,0,0,0,"normal"
0,"tcp","private","S0",0,0,"0",0,0,0,0,"0",0,"0","0",0,0,0,0,0,0,"0",248,15,1,1,0,0,0.06,0.05,0,255,15,0.06,0.06,0,0,1,1,0,0,"dos"
0,"tcp","http","SF",180,2742,"0",0,0,0,0,"1",0,"0","0",0,0,0,0,0,0,"0",1,1,0,0,0,0,1,0,0,255,240,0.94,0.01,0,0,0.01,0.01,0,0,"normal"
0,"tcp","http","SF",210,544,"0",0,0,0,0,"1",0,"0","0",0,0,0,0,0,0,"0",4,19,0,0,0,0,1,0,0.37,82,162,1,0,0.01,0.02,0,0,0,0,"normal"
0,"tcp","smtp","SF",992,385,"0",0,0,0,0,"1",0,"0","0",0,0,0,0,0,0,"0",1,2,0,0,0,0,1,0,1,121,159,0.53,0.03,0.01,0.01,0,0,0,0,"normal"
0,"tcp","private","S0",0,0,"0",0,0,0,0,"0",0,"0","0",0,0,0,0,0,0,"0",210,5,1,1,0,0,0.02,0.05,0,255,5,0.02,0.06,0,0,1,1,0,0,"dos"
0,"tcp","ftp_data","SF",567,0,"0",0,0,0,0,"1",0,"0","0",6,0,0,0,0,0,"0",1,1,0,0,0,0,1,0,0,150,42,0.12,0.05,0.12,0.05,0,0.02,0,0,"normal"
0,"tcp","private","S0",0,0,"0",0,0,0,0,"0",0,"0","0",0,0,0,0,0,0,"0",106,6,1,1,0,0,0.06,0.07,0,255,20,0.08,0.06,0,0,1,1,0,0,"dos"
0,"tcp","ftp_data","SF",175337,0,"0",0,0,0,0,"1",0,"0","0",0,0,0,0,0,0,"0",1,1,0,0,0,0,1,0,0,228,42,0.18,0.02,0.18,0,0,0,0,0,"normal"
0,"tcp","private","S0",0,0,"0",0,0,0,0,"0",0,"0","0",0,0,0,0,0,0,"0",271,6,1,1,0,0,0.02,0.06,0,255,12,0.05,0.07,0,0,1,1,0,0,"dos"
0,"tcp","ftp_data","SF",59,0,"0",0,0,0,0,"1",0,"0","0",0,0,0,0,0,0,"0",12,12,0,0,0,0,1,0,0,21,59,0.86,0.14,0.86,0.05,0,0.02,0,0,"normal"
0,"tcp","http","SF",197,622,"0",0,0,0,0,"1",0,"0","0",0,0,0,0,0,0,"0",20,20,0,0,0,0,1,0,0,255,255,1,0,0,0,0,0,0,0,"normal"
0,"tcp","private","S0",0,0,"0",0,0,0,0,"0",0,"0","0",0,0,0,0,0,0,"0",116,14,1,1,0,0,0.12,0.05,0,255,14,0.05,0.05,0,0,1,1,0,0,"dos"
0,"tcp","private","S0",0,0,"0",0,0,0,0,"0",0,"0","0",0,0,0,0,0,0,"0",226,14,1,1,0,0,0.06,0.06,0,255,14,0.05,0.07,0,0,1,1,0,0,"dos"
0,"tcp","private","S0",0,0,"0",0,0,0,0,"0",0,"0","0",0,0,0,0,0,0,"0",138,4,1,1,0,0,0.03,0.07,0,255,4,0.02,0.07,0,0,1,1,0,0,"dos"
0,"tcp","private","S0",0,0,"0",0,0,0,0,"0",0,"0","0",0,0,0,0,0,0,"0",232,5,1,1,0,0,0.02,0.06,0,255,5,0.02,0.07,0,0,1,1,0,0,"dos"
0,"tcp","private","REJ",0,0,"0",0,0,0,0,"0",0,"0","0",0,0,0,0,0,0,"0",103,15,0,0,1,1,0.15,0.07,0,255,15,0.06,0.06,0,0,0,0,1,1,"dos"
0,"tcp","http","SF",213,2071,"0",0,0,0,0,"1",0,"0","0",0,0,0,0,0,0,"0",12,12,0,0,0,0,1,0,0,12,255,1,0,0.08,0.05,0,0,0,0,"normal"
0,"tcp","http","SF",287,2253,"0",0,0,0,0,"1",0,"0","0",0,0,0,0,0,0,"0",7,8,0,0,0,0,1,0,0.25,33,255,1,0,0.03,0.03,0,0,0,0,"normal"
