4,PoliceReport,0
1514,"udp","other","SF",146,105,"0",0,0,0,0,"0",0,"0","0",0,0,0,0,0,0,"0",1,1,0,0,0,0,1,0,0,255,1,0,0.6,0.96,0,0,0,0,0,"normal"
0,"tcp","http","REJ",0,0,"0",0,0,0,0,"0",0,"0","0",0,0,0,0,0,0,"0",1,1,0,0,1,1,1,0,0,29,255,1,0,0.03,0.11,0,0,1,1,"normal"
0,"tcp","private","S0",0,0,"0",0,0,0,0,"0",0,"0","0",0,0,0,0,0,0,"0",253,13,1,1,0,0,0.05,0.06,0,255,8,0.03,0.08,0,0,1,1,0,0,"dos"
0,"tcp","http","SF",198,6924,"0",0,0,0,0,"1",0,"0","0",0,0,0,0,0,0,"0",25,25,0,0,0,0,1,0,0,255,255,1,0,0,0,0,0,0,0,"normal"
0,"tcp","ftp_data","SF",246,0,"0",0,0,0,0,"1",0,"0","0",0,0,0,0,0,0,"0",2,2,0,0,0,0,1,0,0,2,39,1,0,1,0.08,0,0.03,0,0,"r2l"
0,"icmp","eco_i","SF",8,0,"0",0,0,0,0,"0",0,"0","0",0,0,0,0,0,0,"0",1,11,0,0,0,0,1,0,1,2,150,1,0,1,0.25,0,0,0,0,"probe"
0,"udp","domain_u","SF",43,109,"0",0,0,0,0,"0",0,"0","0",0,0,0,0,0,0,"0",22,100,0,0,0,0,1,0,0.02,255,235,0.92,0.01,0,0,0,0,0,0,"normal"
0,"tcp","http","SF",284,24572,"0",0,0,0,0,"1",0,"0","0",0,0,0,0,0,0,"0",1,25,0,0,0,0,1,0,0.08,118,255,1,0,0.01,0.02,0,0,0,0,"normal"
0,"tcp","http","SF",292,6526,"0",0,0,0,0,"1",0,"0","0",0,0,0,0,0,0,"0",7,8,0,0,0,0,1,0,0.25,8,255,1,0,0.12,0.01,0,0,0,0,"normal"
0,"tcp","smtp","SF",895,327,"0",0,0,0,0,"1",0,"0","0",0,0,0,0,0,0,"0",1,3,0,0,0,0,1,0,1,40,126,0.98,0.05,0.03,0.02,0,0,0,0,"normal"
0,"tcp","http","SF",339,1611,"0",0,0,0,0,"1",0,"0","0",0,0,0,0,0,0,"0",13,13,0,0,0,0,1,0,0,22,255,1,0,0.05,0.03,0,0,0,0,"normal"
0,"tcp","http","SF",189,308,"0",0,0,0,0,"1",0,"0","0",0,0,0,0,0,0,"0",8,11,0,0,0,0,1,0,0.18,74,255,1,0,0.01,0.04,0,0,0,0,"normal"
0,"tcp","http","REJ",0,0,"0",0,0,0,0,"0",0,"0","0",0,0,0,0,0,0,"0",1,1,0,0,1,1,1,0,0,52,255,1,0,0.02,0.12,0,0,0.71,0.67,"normal"
0,"tcp","http","SF",222,2130,"0",0,0,0,0,"1",0,"0","0",0,0,0,0,0,0,"0",3,3,0,0,0,0,1,0,0,148,148,1,0,0.01,0,0,0,0,0,"normal"
0,"tcp","http","SF",277,1274,"0",0,0,0,0,"1",0,"0","0",0,0,0,0,0,0,"0",14,17,0,0,0,0,1,0,0.12,255,255,1,0,0,0,0,0,0,0,"normal"
1,"tcp","smtp","SF",868,330,"0",0,0,0,0,"1",0,"0","0",0,0,0,0,0,0,"0",1,1,0,0,0,0,1,0,0,182,181,0.64,0.03,0.01,0.01,0,0,0,0,"normal"
0,"tcp","ftp_data","SF",7196,0,"0",0,0,0,0,"0",0,"0","0",0,0,0,0,0,0,"0",9,9,0,0,0,0,1,0,0,103,56,0.44,0.06,0.44,0.04,0.01,0,0.01,0,"normal"
0,"tcp","http","SF",340,807,"0",0,0,0,0,"1",0,"0","0",0,0,0,0,0,0,"0",6,6,0,0,0,0,1,0,0,255,255,1,0,0,0,0,0,0,0,"normal"
0,"tcp","http","SF",204,1024,"0",0,0,0,0,"1",0,"0","0",0,0,0,0,0,0,"0",18,19,0,0,0,0,1,0,0.11,184,255,1,0,0.01,0.02,0,0,0,0,"normal"
0,"tcp","private","S0",0,0,"0",0,0,0,0,"0",0,"0","0",0,0,0,0,0,0,"0",136,13,1,1,0,0,0.1,0.05,0,255,13,0.05,0.05,0,0,1,1,0,0,"dos"
1,"tcp","smtp","SF",800,331,"0",0,0,0,0,"1",0,"0","0",0,0,0,0,0,0,"0",1,1,0,0,0,0,1,0,0,232,93,0.34,0.03,0,0.02,0.01,0.02,0,0,"normal"
0,"tcp","http","SF",298,521,"0",0,0,0,0,"1",0,"0","0",0,0,0,0,0,0,"0",3,4,0,0,0,0,1,0,0.5,255,255,1,0,0,0,0,0,0,0,"normal"
0,"tcp","http","SF",194,1619,"0",0,0,0,0,"1",0,"0","0",0,0,0,0,0,0,"0",1,1,0,0,0,0,1,0,0,255,239,0.94,0.02,0,0,0,0,0,0,"normal"
0,"tcp","http","SF",291,2854,"0",0,0,0,0,"1",0,"0","0",0,0,0,0,0,0,"0",7,18,0,0,0,0,1,0,0.11,159,255,1,0,0.01,0.01,0,0,0,0,"normal"
0,"tcp","private","S0",0,0,"0",0,0,0,0,"0",0,"0","0",0,0,0,0,0,0,"0",114,6,1,1,0,0,0.05,0.07,0,255,6,0.02,0.07,0,0,1,1,0,0,"dos"
0,"tcp","private","REJ",0,0,"0",0,0,0,0,"0",0,"0","0",0,0,0,0,0,0,"0",128,17,0,0,1,1,0.13,0.07,0,255,17,0.07,0.06,0,0,0,0,1,1,"dos"
0,"tcp","private","S0",0,0,"0",0,0,0,0,"0",0,"0","0",0,0,0,0,0,0,"0",197,2,1,1,0,0,0.01,0.08,0,255,2,0.01,0.07,0,0,1,1,0,0,"dos"
0,"tcp","http","SF",382,8545,"0",0,0,0,0,"1",0,"0","0",0,0,0,0,0,0,"0",22,22,0,0,0,0,1,0,0,255,255,1,0,0,0,0,0,0,0,"normal"
0,"tcp","private","S0",0,0,"0",0,0,0,0,"0",0,"0","0",0,0,0,0,0,0,"0",223,7,1,1,0,0,0.03,0.06,0,255,7,0.03,0.06,0,0,1,1,0,0,"dos"
0,"tcp","whois","REJ",0,0,"0",0,0,0,0,"0",0,"0","0",0,0,0,0,0,0,"0",141,11,0,0,1,1,0.08,0.06,0,255,11,0.04,0.07,0,0,0,0,1,1,"dos"
0,"tcp","http","REJ",0,0,"0",0,0,0,0,"0",0,"0","0",0,0,0,0,0,0,"0",1,1,0,0,1,1,1,0,0,8,152,1,0,0.12,0.11,0,0,1,0.97,"normal"
0,"tcp","private","S0",0,0,"0",0,0,0,0,"0",0,"0","0",0,0,0,0,0,0,"0",95,16,1,1,0,0,0.17,0.07,0,255,16,0.06,0.07,0,0,1,1,0,0,"dos"
0,"tcp","http","SF",328,1417,"0",0,0,0,0,"1",0,"0","0",0,0,0,0,0,0,"0",37,53,0,0,0,0,1,0,0.08,37,255,1,0,0.03,0.02,0,0,0,0,"normal"
0,"tcp","smtp","SF",1648,326,"0",0,0,0,0,"1",0,"0","0",0,0,0,0,0,0,"0",1,2,0,0,0,0,1,0,1,84,44,0.52,0.06,0.01,0,0,0,0,0,"normal"
0,"tcp","http","SF",234,1380,"0",0,0,0,0,"1",0,"0","0",0,0,0,0,0,0,"0",2,2,0,0,0,0,1,0,0,255,253,0.99,0.01,0,0,0,0,0.02,0.02,"normal"
0,"tcp","http","SF",284,614,"0",0,0,0,0,"1",0,"0","0",0,0,0,0,0,0,"0",13,18,0,0,0,0,1,0,0.11,33,255,1,0,0.03,0.05,0,0,0,0,"normal"
0,"tcp","http","SF",215,955,"0",0,0,0,0,"1",0,"0","0",0,0,0,0,0,0,"0",10,10,0,0,0,0,1,0,0,255,255,1,0,0.01,0,0,0,0,0,"normal"
0,"udp","domain_u","SF",46,117,"0",0,0,0,0,"0",0,"0","0",0,0,0,0,0,0,"0",1,2,0,0,0,0,1,0,1,192,177,0.92,0.01,0.01,0,0,0,0,0,"normal"
0,"tcp","private","S0",0,0,"0",0,0,0,0,"0",0,"0","0",0,0,0,0,0,0,"0",280,20,1,1,0,0,0.07,0.06,0,255,20,0.08,0.08,0,0,1,1,0,0,"dos"
0,"tcp","http","SF",221,774,"0",0,0,0,0,"1",0,"0","0",0,0,0,0,0,0,"0",19,32,0,0,0,0,1,0,0.12,255,255,1,0,0,0,0,0,0,0,"normal"
0,"tcp","http","SF",290,2747,"0",0,0,0,0,"1",0,"0","0",0,0,0,0,0,0,"0",1,1,0,0,0,0,1,0,0,194,255,1,0,0.01,0.03,0,0,0,0,"normal"
0,"tcp","private","S0",0,0,"0",0,0,0,0,"0",0,"0","0",0,0,0,0,0,0,"0",275,5,1,1,0,0,0.02,0.07,0,255,2,0.01,0.07,0,0,1,1,0,0,"dos"
0,"tcp","http","SF",199,462,"0",0,0,0,0,"1",0,"0","0",0,0,0,0,0,0,"0",31,33,0,0,0,0,1,0,0.06,34,255,1,0,0.03,0.04,0,0,0,0,"normal"
43,"tcp","telnet","SF",756,369448,"0",0,0,0,0,"1",0,"0","0",0,0,0,0,0,0,"0",1,1,0,0,0,0,1,0,0,123,15,0.11,0.03,0.01,0.13,0,0,0,0,"normal"
0,"icmp","ecr_i","SF",1032,0,"0",0,0,0,0,"0",0,"0","0",0,0,0,0,0,0,"0",354,354,0,0,0,0,1,0,0,255,255,1,0,1,0,0,0,0,0,"dos"
0,"tcp","http","SF",207,2241,"0",0,0,0,0,"1",0,"0","0",0,0,0,0,0,0,"0",3,7,0,0,0,0,1,0,0.29,12,255,1,0,0.08,0.04,0,0,0,0,"normal"
0,"icmp","ecr_i","SF",1032,0,"0",0,0,0,0,"0",0,"0","0",0,0,0,0,0,0,"0",250,250,0,0,0,0,1,0,0,255,255,1,0,1,0,0,0,0,0,"dos"
0,"tcp","private","S0",0,0,"0",0,0,0,0,"0",0,"0","0",0,0,0,0,0,0,"0",191,9,1,1,0,0,0.05,0.06,0,255,9,0.04,0.06,0,0,1,1,0,0,"dos"
0,"tcp","ftp_data","SF",59,0,"0",0,0,0,0,"1",0,"0","0",0,0,0,0,0,0,"0",12,12,0,0,0,0,1,0,0,70,18,0.26,0.06,0.26,0,0,0,0,0,"normal"
0,"udp","private","SF",28,0,"0",3,0,0,0,"0",0,"0","0",0,0,0,0,0,0,"0",64,63,0,0,0.02,0,0.98,0.03,0,255,63,0.25,0.02,0.25,0,0,0,0.57,0,"dos"
0,"tcp","http","SF",198,325,"0",0,0,0,0,"1",0,"0","0",0,0,0,0,0,0,"0",9,9,0,0,0,0,1,0,0,198,255,1,0,0.01,0.03,0,0,0.01,0.01,"normal"
0,"tcp","http","SF",226,6805,"0",0,0,0,0,"1",0,"0","0",0,0,0,0,0,0,"0",1,10,0,0,0,0,1,0,0.3,16,255,1,0,0.06,0.02,0,0,0,0,"normal"
1,"tcp","smtp","SF",640,329,"0",0,0,0,0,"1",0,"0","0",0,0,0,0,0,0,"0",1,2,0,0,0,0,1,0,1,224,163,0.73,0.03,0,0,0,0,0,0,"normal"
0,"tcp","http","SF",342,1791,"0",0,0,0,0,"1",0,"0","0",0,0,0,0,0,0,"0",22,22,0,0,0,0,1,0,0,79,255,1,0,0.01,0.04,0,0.01,0,0,"normal"
0,"tcp","private","S0",0,0,"0",0,0,0,0,"0",0,"0","0",0,0,0,0,0,0,"0",130,3,1,1,0,0,0.02,0.07,0,255,18,0.07,0.07,0,0,1,1,0,0,"dos"
0,"tcp","http","SF",285,2739,"0",0,0,0,0,"1",0,"0","0",0,0,0,0,0,0,"0",11,11,0,0,0,0,1,0,0,104,255,1,0,0.01,0.01,0,0,0,0,"normal"
0,"tcp","http","SF",175,487,"0",0,0,0,0,"1",0,"0","0",0,0,0,0,0,0,"0",18,20,0,0,0,0,1,0,0.15,21,255,1,0,0.05,0.04,0,0,0,0,"normal"
0,"tcp","private","REJ",0,0,"0",0,0,0,0,"0",0,"0","0",0,0,0,0,0,0,"0",146,15,0,0,1,1,0.1,0.05,0,255,15,0.06,0.06,0,0,0,0,1,1,"dos"
0,"tcp","private","S0",0,0,"0",0,0,0,0,"0",0,"0","0",0,0,0,0,0,0,"0",300,21,1,1,0,0,0.07,0.04,0,255,21,0.08,0.05,0,0,1,1,0,0,"dos"
0,"tcp","http","SF",282,56492,"0",0,0,0,0,"1",0,"0","0",0,0,0,0,0,0,"0",2,2,0,0,0,0,1,0,0,43,220,1,0,0.02,0.05,0.02,0,0,0,"normal"
0,"tcp","private","S0",0,0,"0",0,0,0,0,"0",0,"0","0",0,0,0,0,0,0,"0",202,2,1,1,0,0,0.01,0.06,0,255,5,0.02,0.08,0,0,1,1,0,0,"dos"
0,"tcp","private","REJ",0,0,"0",0,0,0,0,"0",0,"0","0",0,0,0,0,0,0,"0",147,6,0,0,1,1,0.04,0.06,0,255,6,0.02,0.06,0,0,0,0,1,1,"dos"
0,"tcp","whois","S0",0,0,"0",0,0,0,0,"0",0,"0","0",0,0,0,0,0,0,"0",218,12,1,1,0,0,0.06,0.06,0,255,12,0.05,0.07,0,0,1,1,0,0,"dos"
20232,"udp","other","SF",146,105,"0",0,0,0,0,"0",0,"0","0",0,0,0,0,0,0,"0",1,1,0,0,0,0,1,0,0,255,1,0,0.86,1,0,0,0,0,0,"normal"
0,"tcp","http","SF",296,1511,"0",0,0,0,0,"1",0,"0","0",0,0,0,0,0,0,"0",2,2,0,0,0,0,1,0,0,106,255,1,0,0.01,0.01,0,0,0,0,"normal"
0,"tcp","http_443","REJ",0,0,"0",0,0,0,0,"0",0,"0","0",0,0,0,0,0,0,"0",132,9,0,0,1,1,0.07,0.07,0,255,9,0.04,0.07,0,0,0,0,1,1,"dos"
0,"tcp","http","SF",308,2698,"0",0,0,0,0,"1",0,"0","0",0,0,0,1,0,0,"0",4,4,0,0,0,0,1,0,0,255,247,0.97,0.01,0,0,0,0,0,0,"normal"
0,"tcp","http","SF",236,3271,"0",0,0,0,0,"1",0,"0","0",0,0,0,0,0,0,"0",25,26,0,0,0,0,1,0,0.08,255,255,1,0,0,0,0,0,0,0,"normal"
0,"tcp","http","SF",332,2771,"0",0,0,0,0,"1",0,"0","0",0,0,0,0,0,0,"0",7,10,0.14,0.1,0,0,1,0,0.2,101,255,1,0,0.01,0.01,0.01,0,0,0,"normal"
0,"tcp","http","SF",244,263,"0",0,0,0,0,"1",0,"0","0",0,0,0,0,0,0,"0",20,20,0,0,0,0,1,0,0,255,255,1,0,0,0,0,0,0,0,"normal"
0,"tcp","http","SF",349,5954,"0",0,0,0,0,"1",0,"0","0",0,0,0,0,0,0,"0",7,21,0,0,0,0,1,0,0.19,28,211,1,0,0.04,0.08,0,0,0,0,"normal"
0,"tcp","private","S0",0,0,"0",0,0,0,0,"0",0,"0","0",0,0,0,0,0,0,"0",198,13,1,1,0,0,0.07,0.06,0,255,13,0.05,0.06,0,0,1,1,0,0,"dos"
0,"tcp","private","S0",0,0,"0",0,0,0,0,"0",0,"0","0",0,0,0,0,0,0,"0",114,3,1,1,0,0,0.03,0.06,0,255,3,0.01,0.05,0,0,1,1,0,0,"dos"
0,"tcp","http","SF",346,1551,"0",0,0,0,0,"1",0,"0","0",0,0,0,0,0,0,"0",30,32,0,0,0,0,1,0,0.09,255,255,1,0,0,0,0,0,0,0,"normal"
0,"udp","domain_u","SF",42,42,"0",0,0,0,0,"0",0,"0","0",0,0,0,0,0,0,"0",3,6,0,0,0,0,1,0,0.33,255,172,0.67,0.01,0,0,0,0,0,0,"normal"
0,"tcp","smtp","SF",952,365,"0",0,0,0,0,"1",0,"0","0",0,0,0,0,0,0,"0",1,1,0,0,0,0,1,0,0,141,185,0.84,0.03,0.01,0.02,0,0,0,0,"normal"
0,"tcp","http","SF",237,6886,"0",0,0,0,0,"1",0,"0","0",0,0,0,0,0,0,"0",2,2,0,0,0,0,1,0,0,140,255,1,0,0.01,0.02,0,0,0,0,"normal"
0,"tcp","private","REJ",0,0,"0",0,0,0,0,"0",0,"0","0",0,0,0,0,0,0,"0",98,16,0,0,1,1,0.16,0.06,0,255,16,0.06,0.06,0,0,0,0,1,1,"dos"
0,"tcp","auth","SF",9,36,"0",0,0,0,0,"1",0,"0","0",0,0,0,0,0,0,"0",1,1,0,0,0,0,1,0,0,148,5,0.03,0.03,0.01,0,0,0,0,0,"normal"
0,"icmp","eco_i","SF",18,0,"0",0,0,0,0,"0",0,"0","0",0,0,0,0,0,0,"0",1,1,0,0,0,0,1,0,0,1,35,1,0,1,1,0,0,0,0,"probe"
0,"tcp","private","S0",0,0,"0",0,0,0,0,"0",0,"0","0",0,0,0,0,0,0,"0",149,2,1,1,0,0,0.01,0.06,0,255,2,0.01,0.05,0,0,1,1,0,0,"dos"
0,"tcp","smtp","SF",1751,329,"0",0,0,0,0,"1",0,"0","0",0,0,0,0,0,0,"0",1,1,0,0,0,0,1,0,0,255,6,0.02,0.71,0,0,0,0,0,0,"normal"
0,"tcp","http","REJ",0,0,"0",0,0,0,0,"0",0,"0","0",0,0,0,0,0,0,"0",1,1,0,0,1,1,1,0,0,2,200,1,0,0.5,0.19,0,0,1,1,"normal"
0,"tcp","private","S0",0,0,"0",0,0,0,0,"0",0,"0","0",0,0,0,0,0,0,"0",208,24,1,1,0,0,0.12,0.05,0,255,24,0.09,0.06,0,0,1,1,0,0,"dos"
1,"tcp","smtp","SF",765,327,"0",0,0,0,0,"1",0,"0","0",0,0,0,0,0,0,"0",1,2,0,0,0,0,1,0,1,26,174,0.88,0.08,0.04,0.02,0,0,0,0,"normal"
0,"udp","other","SF",147,0,"0",0,0,0,0,"0",0,"0","0",0,0,0,0,0,0,"0",1,1,0,0,0,0,1,0,0,255,1,0,0.85,1,0,0,0,0,0,"normal"
0,"tcp","http","SF",239,511,"0",0,0,0,0,"1",0,"0","0",0,0,0,0,0,0,"0",1,17,0,0,0,0,1,0,0.12,1,255,1,0,1,0.04,0,0,0,0,"normal"
0,"tcp","private","REJ",0,0,"0",0,0,0,0,"0",0,"0","0",0,0,0,0,0,0,"0",1,1,0,0,1,1,1,0,0,22,2,0.05,1,0.05,1,0,0,0.91,1,"probe"
0,"tcp","private","S0",0,0,"0",0,0,0,0,"0",0,"0","0",0,0,0,0,0,0,"0",271,13,1,1,0,0,0.05,0.06,0,255,13,0.05,0.08,0,0,1,1,0,0,"dos"
0,"tcp","private","S0",0,0,"0",0,0,0,0,"0",0,"0","0",0,0,0,0,0,0,"0",269,19,1,1,0,0,0.07,0.06,0,255,3,0.01,0.08,0,0,1,1,0,0,"dos"
0,"tcp","private","REJ",0,0,"0",0,0,0,0,"0",0,"0","0",0,0,0,0,0,0,"0",143,13,0,0,1,1,0.09,0.06,0,255,9,0.04,0.06,0,0,0,0,1,1,"dos"
0,"tcp","http","SF",266,12277,"0",0,0,0,0,"1",0,"0","0",0,0,0,0,0,0,"0",5,15,0,0,0,0,1,0,0.2,255,255,1,0,0,0,0,0,0,0,"normal"
0,"tcp","private","S0",0,0,"0",0,0,0,0,"0",0,"0","0",0,0,0,0,0,0,"0",125,7,1,1,0,0,0.06,0.06,0,255,15,0.06,0.08,0,0,1,1,0,0,"dos"
0,"tcp","private","S0",0,0,"0",0,0,0,0,"0",0,"0","0",0,0,0,0,0,0,"0",245,15,1,1,0,0,0.06,0.06,0,255,15,0.06,0.07,0,0,1,1,0,0,"dos"
0,"tcp","ftp_data","SF",5891,0,"0",0,0,0,0,"1",0,"0","0",0,0,0,0,0,0,"0",10,10,0,0,0,0,1,0,0,60,82,0.68,0.03,0.68,0.02,0,0,0,0,"normal"
763,"udp","other","SF",145,105,"0",0,0,0,0,"0",0,"0","0",0,0,0,0,0,0,"0",1,1,0,0,0,0,1,0,0,255,1,0,0.71,0.98,0,0,0,0,0,"normal"
6,"tcp","smtp","SF",1080,333,"0",0,0,0,0,"1",0,"0","0",0,0,0,0,0,0,"0",1,2,0,0,0,0,1,0,1,116,171,0.77,0.03,0.02,0.01,0,0,0,0,"normal"
0,"udp","other","SF",146,0,"0",0,0,0,0,"0",0,"0","0",0,0,0,0,0,0,"0",2,1,0,0,0,0,0.5,1,0,255,1,0,0.43,0.7,0,0,0,0,0,"normal"
11,"tcp","smtp","SF",639,331,"0",0,0,0,0,"1",0,"0","0",0,0,0,0,0,0,"0",1,2,0,0,0,0,1,0,1,153,107,0.7,0.03,0.01,0,0,0,0,0,"normal"
0,"udp","domain_u","SF",42,42,"0",0,0,0,0,"0",0,"0","0",0,0,0,0,0,0,"0",3,15,0,0,0,0,1,0,0.2,179,173,0.97,0.02,0.01,0,0,0,0,0,"normal"
