3,PoliceReport,4
0,"udp","private","SF",28,0,"0",3,0,0,0,"0",0,"0","0",0,0,0,0,0,0,"0",5,5,0,0,0,0,1,0,0,255,105,0.41,0.59,0.41,0,0.09,0,0.5,0,"dos"
0,"tcp","X11","SF",12,56,"0",0,0,0,0,"0",0,"0","0",0,0,0,0,0,0,"0",1,1,0,0,0,0,1,0,0,15,2,0.13,0.27,0.07,0,0,0,0,0,"normal"
0,"tcp","gopher","S0",0,0,"0",0,0,0,0,"0",0,"0","0",0,0,0,0,0,0,"0",276,16,1,1,0,0,0.06,0.06,0,255,16,0.06,0.08,0,0,1,1,0,0,"dos"
0,"tcp","smtp","RSTO",0,0,"0",0,0,0,0,"0",0,"0","0",0,0,0,0,0,0,"0",1,1,0,0,1,1,1,0,0,145,136,0.66,0.03,0.01,0.01,0,0,0.04,0.04,"normal"
0,"tcp","smtp","SF",1372,330,"0",0,0,0,0,"1",0,"0","0",0,0,0,0,0,0,"0",1,1,0,0,0,0,1,0,0,57,37,0.65,0.11,0.02,0,0,0,0,0,"normal"
0,"tcp","http","SF",196,1942,"0",0,0,0,0,"1",0,"0","0",0,0,0,0,0,0,"0",22,22,0,0,0,0,1,0,0,58,255,1,0,0.02,0.03,0,0,0,0,"normal"
0,"tcp","http","SF",297,279,"0",0,0,0,0,"1",0,"0","0",0,0,0,0,0,0,"0",2,3,0,0,0,0,1,0,0.67,255,255,1,0,0.01,0,0,0,0,0,"normal"
0,"udp","domain_u","SF",31,47,"0",0,0,0,0,"0",0,"0","0",0,0,0,0,0,0,"0",3,4,0,0,0,0,1,0,0.5,255,238,0.93,0.01,0.01,0,0,0,0,0,"normal"
0,"tcp","http","REJ",0,0,"0",0,0,0,0,"0",0,"0","0",0,0,0,0,0,0,"0",1,1,0,0,1,1,1,0,0,59,255,1,0,0.02,0.11,0,0,1,0.99,"normal"
0,"tcp","private","S0",0,0,"0",0,0,0,0,"0",0,"0","0",0,0,0,0,0,0,"0",81,7,1,1,0,0,0.09,0.05,0,255,7,0.03,0.05,0,0,1,1,0,0,"dos"
0,"tcp","http","SF",325,1320,"0",0,0,0,0,"1",0,"0","0",0,0,0,0,0,0,"0",14,27,0,0,0,0,1,0,0.11,254,255,1,0,0,0.01,0,0,0,0,"normal"
0,"tcp","http","SF",209,2251,"0",0,0,0,0,"1",0,"0","0",0,0,0,0,0,0,"0",11,13,0,0,0,0,1,0,0.23,255,255,1,0,0,0,0,0,0,0,"normal"
0,"tcp","http","SF",300,1574,"0",0,0,0,0,"1",0,"0","0",0,0,0,0,0,0,"0",9,10,0,0,0,0,1,0,0.2,63,254,1,0,0.02,0.02,0,0,0,0,"normal"
0,"tcp","http","SF",253,1727,"0",0,0,0,0,"1",0,"0","0",0,0,0,0,0,0,"0",5,5,0,0,0,0,1,0,0,255,242,0.95,0.01,0,0,0,0,0,0,"normal"
0,"tcp","http","SF",238,10378,"0",0,0,0,0,"1",0,"0","0",0,0,0,0,0,0,"0",10,12,0,0,0,0,1,0,0.17,255,255,1,0,0,0,0,0,0,0,"normal"
0,"tcp","smtp","SF",598,333,"0",0,0,0,0,"1",0,"0","0",0,0,0,0,0,0,"0",1,1,0,0,0,0,1,0,0,36,121,0.75,0.08,0.03,0.02,0,0,0,0,"normal"
0,"tcp","http","REJ",0,0,"0",0,0,0,0,"0",0,"0","0",0,0,0,0,0,0,"0",1,1,0,0,1,1,1,0,0,6,255,1,0,0.17,0.11,0,0,1,0.67,"normal"
0,"tcp","http","SF",176,29634,"0",0,0,0,0,"1",0,"0","0",0,0,0,0,0,0,"0",1,1,0,0,0,0,1,0,0,255,255,1,0,0,0,0,0,0,0,"normal"
0,"tcp","private","S0",0,0,"0",0,0,0,0,"0",0,"0","0",0,0,0,0,0,0,"0",116,10,1,1,0,0,0.09,0.07,0,255,10,0.04,0.06,0,0,1,1,0,0,"dos"
0,"tcp","private","REJ",0,0,"0",0,0,0,0,"0",0,"0","0",0,0,0,0,0,0,"0",172,7,0,0,1,1,0.04,0.08,0,255,7,0.03,0.08,0,0,0,0,1,1,"dos"
0,"tcp","private","S0",0,0,"0",0,0,0,0,"0",0,"0","0",0,0,0,0,0,0,"0",240,18,1,1,0,0,0.08,0.05,0,255,18,0.07,0.06,0,0,1,1,0,0,"dos"
0,"tcp","finger","SF",11,144,"0",0,0,0,0,"0",0,"0","0",0,0,0,0,0,0,"0",1,1,0,0,0,0,1,0,0,91,5,0.02,0.04,0.01,0.4,0,0,0,0,"normal"
0,"tcp","private","S0",0,0,"0",0,0,0,0,"0",0,"0","0",0,0,0,0,0,0,"0",105,8,1,1,0,0,0.08,0.06,0,255,15,0.06,0.06,0,0,1,1,0,0,"dos"
0,"tcp","private","REJ",0,0,"0",0,0,0,0,"0",0,"0","0",0,0,0,0,0,0,"0",242,8,0,0,1,1,0.03,0.06,0,255,8,0.03,0.07,0,0,0,0,1,1,"dos"
0,"tcp","private","S0",0,0,"0",0,0,0,0,"0",0,"0","0",0,0,0,0,0,0,"0",199,20,1,1,0,0,0.1,0.06,0,255,20,0.08,0.07,0,0,1,1,0,0,"dos"
0,"tcp","http","SF",214,1211,"0",0,0,0,0,"1",0,"0","0",0,0,0,0,0,0,"0",3,3,0,0,0,0,1,0,0,121,255,1,0,0.01,0.02,0,0,0,0,"normal"
0,"icmp","urp_i","SF",182,0,"0",0,0,0,0,"0",0,"0","0",0,0,0,0,0,0,"0",3,2,0,0,0,0,0.67,0.67,0,255,18,0.07,0.01,0.09,0,0,0,0,0,"normal"
0,"tcp","private","S0",0,0,"0",0,0,0,0,"0",0,"0","0",0,0,0,0,0,0,"0",284,6,1,1,0,0,0.02,0.06,0,255,19,0.07,0.07,0,0,1,1,0,0,"dos"
0,"tcp","http","SF",298,713,"0",0,0,0,0,"1",0,"0","0",0,0,0,0,0,0,"0",10,10,0,0,0,0,1,0,0,10,255,1,0,0.1,0.03,0,0,0,0,"normal"
0,"tcp","private","S0",0,0,"0",0,0,0,0,"0",0,"0","0",0,0,0,0,0,0,"0",198,1,1,1,0,0,0.01,0.07,0,255,1,0,0.06,0,0,1,1,0,0,"dos"
0,"tcp","private","S0",0,0,"0",0,0,0,0,"0",0,"0","0",0,0,0,0,0,0,"0",238,8,1,1,0,0,0.03,0.07,0,255,8,0.03,0.09,0,0,1,1,0,0,"dos"
0,"tcp","http","SF",286,6924,"0",0,0,0,0,"1",0,"0","0",0,0,0,0,0,0,"0",6,6,0,0,0,0,1,0,0,255,255,1,0,0,0,0,0,0,0,"normal"
0,"tcp","private","S0",0,0,"0",0,0,0,0,"0",0,"0","0",0,0,0,0,0,0,"0",205,3,1,1,0,0,0.01,0.07,0,255,3,0.01,0.08,0,0,1,1,0,0,"dos"
0,"tcp","gopher","S0",0,0,"0",0,0,0,0,"0",0,"0","0",0,0,0,0,0,0,"0",276,16,1,1,0,0,0.06,0.06,0,255,16,0.06,0.08,0,0,1,1,0,0,"dos"
0,"tcp","private","S0",0,0,"0",0,0,0,0,"0",0,"0","0",0,0,0,0,0,0,"0",254,12,1,1,0,0,0.05,0.06,0,255,12,0.05,0.07,0,0,1,1,0,0,"dos"
0,"tcp","private","REJ",0,0,"0",0,0,0,0,"0",0,"0","0",0,0,0,0,0,0,"0",257,11,0,0,1,1,0.04,0.07,0,255,11,0.04,0.08,0,0,0,0,1,1,"dos"
0,"tcp","http","SF",151,36373,"0",0,0,0,0,"1",0,"0","0",0,0,0,0,0,0,"0",1,1,0,0,0,0,1,0,0,255,255,1,0,0,0,0,0,0,0,"normal"
0,"tcp","private","REJ",0,0,"0",0,0,0,0,"0",0,"0","0",0,0,0,0,0,0,"0",135,5,0,0,1,1,0.04,0.07,0,255,5,0.02,0.07,0,0,0,0,1,1,"dos"
0,"tcp","http","SF",321,728,"0",0,0,0,0,"1",0,"0","0",0,0,0,0,0,0,"0",9,9,0,0,0,0,1,0,0,255,255,1,0,0,0,0,0,0,0,"normal"
0,"tcp","http","SF",296,1227,"0",0,0,0,0,"1",0,"0","0",0,0,0,0,0,0,"0",2,12,0,0,0,0,1,0,0.25,255,255,1,0,0,0,0,0,0,0,"normal"
6916,"udp","other","SF",147,105,"0",0,0,0,0,"0",0,"0","0",0,0,0,0,0,0,"0",2,2,0,0,0,0,1,0,0,255,2,0.01,0.73,1,0,0,0,0,0,"normal"
412,"tcp","telnet","SF",301,9133,"0",0,0,0,0,"1",2,"0","0",0,0,0,0,0,0,"0",1,1,0,0,0,0,1,0,0,177,20,0.11,0.03,0.01,0,0.02,0.1,0.07,0,"normal"
0,"tcp","private","S0",0,0,"0",0,0,0,0,"0",0,"0","0",0,0,0,0,0,0,"0",142,1,1,1,0,0,0.01,0.06,0,255,1,0,0.06,0,0,1,1,0,0,"dos"
0,"udp","domain_u","SF",88,0,"0",0,0,0,0,"0",0,"0","0",0,0,0,0,0,0,"0",1,2,0,0,0,0,1,0,1,85,85,1,0,1,0,0,0,0,0,"normal"
0,"tcp","private","REJ",0,0,"0",0,0,0,0,"0",0,"0","0",0,0,0,0,0,0,"0",251,16,0,0,1,1,0.06,0.06,0,255,16,0.06,0.07,0,0,0,0,1,1,"dos"
0,"tcp","http","SF",330,837,"0",0,0,0,0,"1",0,"0","0",0,0,0,0,0,0,"0",16,16,0,0,0,0,1,0,0,255,255,1,0,0,0,0,0,0,0,"normal"
0,"tcp","csnet_ns","S0",0,0,"0",0,0,0,0,"0",0,"0","0",0,0,0,0,0,0,"0",246,21,1,1,0,0,0.09,0.05,0,255,21,0.08,0.06,0,0,1,1,0,0,"dos"
0,"tcp","private","S0",0,0,"0",0,0,0,0,"0",0,"0","0",0,0,0,0,0,0,"0",147,19,1,1,0,0,0.13,0.06,0,255,2,0.01,0.07,0,0,1,1,0,0,"dos"
0,"tcp","http","SF",280,318,"0",0,0,0,0,"1",0,"0","0",0,0,0,0,0,0,"0",2,30,0,0,0,0,1,0,0.13,144,255,1,0,0.01,0.04,0,0,0,0,"normal"
0,"tcp","private","S0",0,0,"0",0,0,0,0,"0",0,"0","0",0,0,0,0,0,0,"0",201,4,1,1,0,0,0.02,0.07,0,255,4,0.02,0.07,0,0,1,1,0,0,"dos"
0,"tcp","private","S0",0,0,"0",0,0,0,0,"0",0,"0","0",0,0,0,0,0,0,"0",110,17,1,1,0,0,0.15,0.05,0,255,8,0.03,0.07,0,0,1,1,0,0,"dos"
0,"tcp","http","SF",292,1451,"0",0,0,0,0,"1",0,"0","0",0,0,0,0,0,0,"0",26,26,0,0,0,0,1,0,0,26,255,1,0,0.04,0.02,0,0,0,0,"normal"
0,"tcp","private","S0",0,0,"0",0,0,0,0,"0",0,"0","0",0,0,0,0,0,0,"0",225,15,1,1,0,0,0.07,0.06,0,255,6,0.02,0.08,0,0,1,1,0,0,"dos"
0,"icmp","eco_i","SF",30,0,"0",0,0,0,0,"0",0,"0","0",0,0,0,0,0,0,"0",1,1,0,0,0,0,1,0,0,238,238,1,0,1,0,0,0,0,0,"normal"
0,"tcp","http","SF",364,507,"0",0,0,0,0,"1",0,"0","0",0,0,0,0,0,0,"0",3,3,0,0,0,0,1,0,0,255,255,1,0,0,0,0,0,0,0,"normal"
0,"tcp","http","SF",309,757,"0",0,0,0,0,"1",0,"0","0",0,0,0,0,0,0,"0",2,5,0,0,0,0,1,0,0.4,53,255,1,0,0.02,0.03,0,0,0,0,"normal"
0,"tcp","private","REJ",0,0,"0",0,0,0,0,"0",0,"0","0",0,0,0,0,0,0,"0",126,9,0,0,1,1,0.07,0.06,0,255,9,0.04,0.06,0,0,0,0,1,1,"dos"
0,"tcp","private","S0",0,0,"0",0,0,0,0,"0",0,"0","0",0,0,0,0,0,0,"0",116,15,1,1,0,0,0.13,0.06,0,255,14,0.05,0.06,0,0,1,1,0,0,"dos"
0,"tcp","http","REJ",0,0,"0",0,0,0,0,"0",0,"0","0",0,0,0,0,0,0,"0",1,2,0,0,1,1,1,0,1,6,255,1,0,0.17,0.11,0,0,1,1,"normal"
0,"tcp","http","SF",305,2354,"0",0,0,0,0,"1",0,"0","0",0,0,0,0,0,0,"0",1,1,0,0,0,0,1,0,0,255,255,1,0,0,0,0,0,0,0,"normal"
0,"icmp","ecr_i","SF",30,0,"0",0,0,0,0,"0",0,"0","0",0,0,0,0,0,0,"0",1,1,0,0,0,0,1,0,0,11,11,1,0,1,0,0,0,0,0,"normal"
0,"tcp","smtp","SF",963,331,"0",0,0,0,0,"1",0,"0","0",0,0,0,0,0,0,"0",1,1,0,0,0,0,1,0,0,46,110,0.61,0.09,0.02,0.03,0,0,0,0,"normal"
0,"tcp","private","S0",0,0,"0",0,0,0,0,"0",0,"0","0",0,0,0,0,0,0,"0",238,7,1,1,0,0,0.03,0.06,0,255,8,0.03,0.08,0,0,1,1,0,0,"dos"
0,"tcp","private","S0",0,0,"0",0,0,0,0,"0",0,"0","0",0,0,0,0,0,0,"0",251,1,1,1,0,0,0,0.05,0,255,1,0,0.05,0,0,1,1,0,0,"dos"
0,"tcp","private","REJ",0,0,"0",0,0,0,0,"0",0,"0","0",0,0,0,0,0,0,"0",142,16,0,0,1,1,0.11,0.06,0,255,16,0.06,0.07,0,0,0,0,1,1,"dos"
0,"tcp","http","SF",319,14686,"0",0,0,0,0,"1",0,"0","0",0,0,0,0,0,0,"0",1,1,0,0,0,0,1,0,0,106,255,1,0,0.01,0.03,0,0,0,0,"normal"
0,"tcp","private","S0",0,0,"0",0,0,0,0,"0",0,"0","0",0,0,0,0,0,0,"0",143,16,1,1,0,0,0.11,0.06,0,255,15,0.06,0.07,0,0,1,1,0,0,"dos"
0,"tcp","http","SF",234,9424,"0",0,0,0,0,"1",0,"0","0",0,0,0,0,0,0,"0",13,13,0,0,0,0,1,0,0,27,255,1,0,0.04,0.05,0,0,0,0,"normal"
0,"tcp","private","REJ",0,0,"0",0,0,0,0,"0",0,"0","0",0,0,0,0,0,0,"0",281,16,0,0,1,1,0.06,0.06,0,255,16,0.06,0.06,0,0,0,0,1,1,"dos"
0,"tcp","http","SF",249,1112,"0",0,0,0,0,"1",0,"0","0",0,0,0,0,0,0,"0",3,12,0,0,0,0,1,0,0.42,255,255,1,0,0,0,0,0,0,0,"normal"
14,"tcp","smtp","SF",2008,335,"0",0,0,0,0,"1",0,"0","0",0,0,0,0,0,0,"0",1,3,0,0,0,0,1,0,1,114,71,0.62,0.05,0.01,0,0,0,0,0,"normal"
0,"tcp","http","SF",234,1028,"0",0,0,0,0,"1",0,"0","0",0,0,0,0,0,0,"0",10,10,0,0,0,0,1,0,0,38,255,1,0,0.03,0.04,0,0,0,0,"normal"
0,"tcp","http","SF",322,1721,"0",0,0,0,0,"1",0,"0","0",0,0,0,0,0,0,"0",2,8,0,0,0,0,1,0,0.38,195,255,1,0,0.01,0.02,0.01,0.01,0.01,0,"normal"
0,"tcp","private","S0",0,0,"0",0,0,0,0,"0",0,"0","0",0,0,0,0,0,0,"0",165,13,1,1,0,0,0.08,0.07,0,255,13,0.05,0.08,0,0,1,1,0,0,"dos"
0,"tcp","private","S0",0,0,"0",0,0,0,0,"0",0,"0","0",0,0,0,0,0,0,"0",240,19,1,1,0,0,0.08,0.06,0,255,19,0.07,0.05,0,0,1,1,0,0,"dos"
0,"icmp","urp_i","SF",181,0,"0",0,0,0,0,"0",0,"0","0",0,0,0,0,0,0,"0",5,5,0,0,0,0,1,0,0,255,33,0.13,0.01,0.13,0,0,0,0,0,"normal"
0,"tcp","http","SF",286,301,"0",0,0,0,0,"1",0,"0","0",0,0,0,0,0,0,"0",28,28,0,0,0,0,1,0,0,255,255,1,0,0,0,0,0,0,0,"normal"
0,"tcp","http","SF",160,21006,"0",0,0,0,0,"1",0,"0","0",0,0,0,0,0,0,"0",3,3,0,0,0,0,1,0,0,255,255,1,0,0,0,0,0,0,0,"normal"
0,"tcp","http","SF",214,1492,"0",0,0,0,0,"1",0,"0","0",0,0,0,0,0,0,"0",7,7,0,0,0,0,1,0,0,78,255,1,0,0.01,0.01,0,0,0,0,"normal"
0,"tcp","private","S0",0,0,"0",0,0,0,0,"0",0,"0","0",0,0,0,0,0,0,"0",276,17,1,1,0,0,0.06,0.06,0,255,17,0.07,0.07,0,0,1,1,0,0,"dos"
5049,"tcp","ftp_data","SF",5135678,0,"0",0,0,1,0,"1",0,"0","0",0,0,0,0,0,0,"0",1,1,0,0,0,0,1,0,0,6,41,1,0,1,0.15,0,0.02,0,0,"r2l"
0,"tcp","http","SF",210,474,"0",0,0,0,0,"1",0,"0","0",0,0,0,0,0,0,"0",4,4,0,0,0,0,1,0,0,95,255,1,0,0.01,0.04,0,0,0,0,"normal"
0,"tcp","private","REJ",0,0,"0",0,0,0,0,"0",0,"0","0",0,0,0,0,0,0,"0",114,8,0,0,1,1,0.07,0.06,0,255,8,0.03,0.08,0,0,0,0,1,1,"dos"
0,"tcp","http","SF",254,392,"0",0,0,0,0,"1",0,"0","0",0,0,0,0,0,0,"0",29,35,0,0,0,0,1,0,0.11,255,255,1,0,0,0,0,0,0,0,"normal"
0,"tcp","private","S0",0,0,"0",0,0,0,0,"0",0,"0","0",0,0,0,0,0,0,"0",268,16,1,1,0,0,0.06,0.06,0,255,17,0.07,0.07,0,0,1,1,0,0,"dos"
0,"tcp","private","S0",0,0,"0",0,0,0,0,"0",0,"0","0",0,0,0,0,0,0,"0",29,5,1,1,0,0,0.17,0.17,0,255,5,0.02,0.07,0,0,1,1,0,0,"dos"
0,"tcp","ftp_data","SF",276,0,"0",0,0,0,0,"0",0,"0","0",0,0,0,0,0,0,"0",3,3,0,0,0,0,1,0,0,85,45,0.4,0.07,0.4,0.04,0,0,0,0,"normal"
5175,"udp","other","SF",147,105,"0",0,0,0,0,"0",0,"0","0",0,0,0,0,0,0,"0",4,2,0,0,0,0,0.5,0.5,0,255,2,0.01,0.66,0.94,0,0,0,0,0,"normal"
0,"tcp","smtp","SF",834,332,"0",0,0,0,0,"1",0,"0","0",0,0,0,0,0,0,"0",1,1,0,0,0,0,1,0,0,100,44,0.39,0.07,0.01,0.05,0.01,0.02,0,0,"normal"
0,"tcp","http","SF",193,412,"0",0,0,0,0,"1",0,"0","0",0,0,0,0,0,0,"0",17,19,0,0,0,0,1,0,0.16,41,255,1,0,0.02,0.04,0,0,0,0,"normal"
0,"tcp","http","REJ",0,0,"0",0,0,0,0,"0",0,"0","0",0,0,0,0,0,0,"0",1,1,0,0,1,1,1,0,0,3,226,1,0,0.33,0.17,0,0,1,1,"normal"
0,"tcp","private","S0",0,0,"0",0,0,0,0,"0",0,"0","0",0,0,0,0,0,0,"0",158,17,1,1,0,0,0.11,0.06,0,255,17,0.07,0.07,0,0,1,1,0,0,"dos"
1,"tcp","smtp","SF",1741,332,"0",0,0,0,0,"1",0,"0","0",0,0,0,0,0,0,"0",1,1,0,0,0,0,1,0,0,191,130,0.62,0.03,0.01,0.02,0,0,0,0,"normal"
0,"tcp","private","S0",0,0,"0",0,0,0,0,"0",0,"0","0",0,0,0,0,0,0,"0",115,20,1,1,0,0,0.17,0.05,0,255,18,0.07,0.07,0,0,1,1,0,0,"dos"
0,"tcp","http","SF",236,1380,"0",0,0,0,0,"1",0,"0","0",0,0,0,0,0,0,"0",3,3,0,0,0,0,1,0,0,255,241,0.95,0.01,0,0,0,0,0,0,"normal"
0,"tcp","csnet_ns","S0",0,0,"0",0,0,0,0,"0",0,"0","0",0,0,0,0,0,0,"0",205,2,1,1,0,0,0.01,0.07,0,255,2,0.01,0.07,0,0,1,1,0,0,"dos"
0,"udp","domain_u","SF",44,44,"0",0,0,0,0,"0",0,"0","0",0,0,0,0,0,0,"0",4,7,0,0,0,0,1,0,0.29,255,249,0.98,0.01,0.01,0,0,0,0,0,"normal"
0,"tcp","smtp","SF",2785,330,"0",0,0,0,0,"1",0,"0","0",0,0,0,0,0,0,"0",1,2,0,0,0,0,1,0,1,42,192,0.86,0.07,0.02,0.01,0,0,0,0,"normal"
0,"tcp","ftp_data","SF",8325,0,"0",0,0,0,0,"0",0,"0","0",0,0,0,0,0,0,"0",18,18,0,0,0,0,1,0,0,210,72,0.34,0.03,0.34,0,0,0,0,0,"normal"
0,"tcp","http","SF",206,998,"0",0,0,0,0,"1",0,"0","0",0,0,0,0,0,0,"0",6,6,0,0,0,0,1,0,0,255,255,1,0,0,0,0,0,0,0,"normal"
