0,PoliceReport,2
0,"tcp","private","S0",0,0,"0",0,0,0,0,"0",0,"0","0",0,0,0,0,0,0,"0",112,8,1,1,0,0,0.07,0.06,0,255,13,0.05,0.08,0,0,1,1,0,0,"dos"
0,"tcp","http","SF",223,557,"0",0,0,0,0,"1",0,"0","0",0,0,0,0,0,0,"0",21,21,0,0,0,0,1,0,0,255,255,1,0,0,0,0,0,0,0,"normal"
0,"tcp","http","SF",302,493,"0",0,0,0,0,"1",0,"0","0",0,0,0,0,0,0,"0",3,3,0,0,0,0,1,0,0,28,255,1,0,0.04,0.05,0,0,0,0,"normal"
0,"tcp","http","SF",187,11512,"0",0,0,0,0,"1",0,"0","0",0,0,0,0,0,0,"0",1,1,0,0,0,0,1,0,0,255,244,0.96,0.01,0,0,0,0,0,0,"normal"
0,"tcp","http","SF",206,10371,"0",0,0,0,0,"1",0,"0","0",0,0,0,0,0,0,"0",6,7,0,0,0,0,1,0,0.29,255,255,1,0,0,0,0,0,0,0,"normal"
0,"tcp","private","S0",0,0,"0",0,0,0,0,"0",0,"0","0",0,0,0,0,0,0,"0",111,9,1,1,0,0,0.08,0.06,0,255,9,0.04,0.06,0,0,1,1,0,0,"dos"
0,"tcp","ftp_data","SF",5319,0,"0",0,0,0,0,"0",0,"0","0",0,0,0,0,0,0,"0",7,7,0,0,0,0,1,0,0,96,62,0.18,0.03,0.18,0.05,0,0,0,0,"normal"
0,"tcp","http","SF",233,3222,"0",0,0,0,0,"1",0,"0","0",0,0,0,0,0,0,"0",4,4,0,0,0,0,1,0,0,255,238,0.93,0.01,0,0,0,0,0.02,0.02,"normal"
0,"tcp","private","S0",0,0,"0",0,0,0,0,"0",0,"0","0",0,0,0,0,0,0,"0",270,2,1,1,0,0,0.01,0.06,0,255,3,0.01,0.07,0,0,1,1,0,0,"dos"
0,"tcp","private","S0",0,0,"0",0,0,0,0,"0",0,"0","0",0,0,0,0,0,0,"0",248,9,1,1,0,0,0.04,0.06,0,255,11,0.04,0.07,0,0,1,1,0,0,"dos"
0,"tcp","private","S0",0,0,"0",0,0,0,0,"0",0,"0","0",0,0,0,0,0,0,"0",118,4,1,1,0,0,0.03,0.07,0,255,7,0.03,0.07,0,0,1,1,0,0,"dos"
0,"tcp","http","SF",306,331,"0",0,0,0,0,"1",0,"0","0",0,0,0,0,0,0,"0",2,2,0,0,0,0,1,0,0,255,255,1,0,0,0,0,0,0,0,"normal"
0,"tcp","http","SF",302,1233,"0",0,0,0,0,"1",0,"0","0",0,0,0,0,0,0,"0",20,24,0,0,0,0,1,0,0.08,75,255,1,0,0.01,0.02,0.01,0.01,0,0,"normal"
0,"tcp","private","S0",0,0,"0",0,0,0,0,"0",0,"0","0",0,0,0,0,0,0,"0",260,16,1,1,0,0,0.06,0.06,0,255,16,0.06,0.06,0,0,1,1,0,0,"dos"
0,"tcp","echo","S0",0,0,"0",0,0,0,0,"0",0,"0","0",0,0,0,0,0,0,"0",256,14,1,1,0,0,0.05,0.05,0,255,14,0.05,0.05,0,0,1,1,0,0,"dos"
1,"tcp","smtp","SF",1177,332,"0",0,0,0,0,"1",0,"0","0",0,0,0,0,0,0,"0",1,4,0,0,0,0,1,0,1,27,41,0.78,0.07,0.04,0.05,0,0,0,0,"normal"
0,"icmp","urp_i","SF",181,0,"0",0,0,0,0,"0",0,"0","0",0,0,0,0,0,0,"0",4,4,0,0,0,0,1,0,0,255,28,0.11,0.01,0.12,0,0,0,0,0,"normal"
0,"tcp","private","S0",0,0,"0",0,0,0,0,"0",0,"0","0",0,0,0,0,0,0,"0",134,13,1,1,0,0,0.1,0.06,0,255,13,0.05,0.06,0,0,1,1,0,0,"dos"
0,"tcp","http","SF",194,9841,"0",0,0,0,0,"1",0,"0","0",0,0,0,0,0,0,"0",1,1,0,0,0,0,1,0,0,125,255,1,0,0.01,0.02,0.01,0,0,0,"normal"
0,"tcp","pop_3","S0",0,0,"0",0,0,0,0,"0",0,"0","0",0,0,0,0,0,0,"0",110,10,1,1,0,0,0.09,0.07,0,255,10,0.04,0.08,0,0,1,1,0,0,"dos"
0,"tcp","private","S0",0,0,"0",0,0,0,0,"0",0,"0","0",0,0,0,0,0,0,"0",216,9,1,1,0,0,0.04,0.06,0,255,16,0.06,0.07,0,0,1,1,0,0,"dos"
0,"udp","private","SF",28,0,"0",3,0,0,0,"0",0,"0","0",0,0,0,0,0,0,"0",9,9,0,0,0,0,1,0,0,81,9,0.11,0.05,0.11,0,0,0,0,0,"dos"
0,"udp","private","SF",105,0,"0",0,0,0,0,"0",0,"0","0",0,0,0,0,0,0,"0",2,2,0,0,0,0,1,0,0,255,232,0.91,0.01,0.01,0,0,0,0,0,"normal"
0,"tcp","ftp_data","SF",7767,0,"0",0,0,0,0,"1",0,"0","0",0,0,0,0,0,0,"0",1,1,0,0,0,0,1,0,0,93,58,0.1,0.04,0.1,0.03,0,0,0,0,"normal"
1,"tcp","smtp","SF",1311,373,"0",0,0,0,0,"1",0,"0","0",0,0,0,0,0,0,"0",1,2,0,0,0,0,1,0,1,239,143,0.54,0.03,0,0.01,0,0.01,0,0,"normal"
0,"tcp","http","SF",328,1426,"0",0,0,0,0,"1",0,"0","0",0,0,0,0,0,0,"0",27,27,0,0,0,0,1,0,0,49,255,1,0,0.02,0.02,0,0,0,0,"normal"
0,"tcp","http","SF",200,1299,"0",0,0,0,0,"1",0,"0","0",0,0,0,0,0,0,"0",1,1,0,0,0,0,1,0,0,255,255,1,0,0,0,0,0,0,0,"normal"
2631,"udp","other","SF",146,105,"0",0,0,0,0,"0",0,"0","0",0,0,0,0,0,0,"0",1,1,0,0,0,0,1,0,0,255,1,0,0.86,0.98,0,0,0,0,0,"normal"
0,"tcp","finger","SF",8,271,"0",0,0,0,0,"0",0,"0","0",0,0,0,0,0,0,"0",1,1,0,0,0,0,1,0,0,32,12,0.03,0.06,0.03,0.25,0,0,0,0,"normal"
0,"tcp","http","SF",146,4097,"0",0,0,0,0,"1",0,"0","0",0,0,0,0,0,0,"0",1,2,0,0,0,0,1,0,1,56,255,1,0,0.02,0.02,0,0,0,0,"normal"
0,"tcp","http","SF",247,203,"0",0,0,0,0,"1",0,"0","0",0,0,0,0,0,0,"0",2,2,0,0,0,0,1,0,0,255,255,1,0,0,0,0,0,0.02,0.02,"normal"
0,"tcp","http","SF",317,6163,"0",0,0,0,0,"1",0,"0","0",0,0,0,0,0,0,"0",10,10,0,0,0,0,1,0,0,141,255,1,0,0.01,0.01,0.01,0,0.05,0.03,"normal"
0,"tcp","http","SF",223,4414,"0",0,0,0,0,"1",0,"0","0",0,0,0,0,0,0,"0",8,8,0,0,0,0,1,0,0,102,255,1,0,0.01,0.04,0,0,0,0,"normal"
0,"tcp","private","S0",0,0,"0",0,0,0,0,"0",0,"0","0",0,0,0,0,0,0,"0",221,1,1,1,0,0,0,0.06,0,255,1,0,0.08,0,0,1,1,0,0,"dos"
0,"tcp","http","SF",212,2647,"0",0,0,0,0,"1",0,"0","0",0,0,0,0,0,0,"0",24,24,0,0,0,0,1,0,0,255,255,1,0,0,0,0,0,0,0,"normal"
0,"tcp","private","S0",0,0,"0",0,0,0,0,"0",0,"0","0",0,0,0,0,0,0,"0",229,20,1,1,0,0,0.09,0.06,0,255,1,0,0.07,0,0,1,1,0,0,"dos"
745,"udp","other","SF",145,105,"0",0,0,0,0,"0",0,"0","0",0,0,0,0,0,0,"0",1,1,0,0,0,0,1,0,0,255,1,0,0.6,0.83,0,0,0,0,0,"normal"
0,"tcp","http","SF",342,327,"0",0,0,0,0,"1",0,"0","0",0,0,0,0,0,0,"0",1,6,0,0,0,0,1,0,0.33,152,255,1,0,0.01,0.04,0,0,0,0,"normal"
1,"tcp","smtp","SF",2449,328,"0",0,0,0,0,"1",0,"0","0",0,0,0,0,0,0,"0",1,2,0,0,0,0,1,0,1,218,171,0.78,0.02,0,0,0,0,0,0,"normal"
0,"tcp","smtp","SF",1232,326,"0",0,0,0,0,"1",0,"0","0",0,0,0,0,0,0,"0",1,1,0,0,0,0,1,0,0,80,173,0.95,0.03,0.01,0.01,0,0,0,0,"normal"
0,"tcp","http","SF",216,597,"0",0,0,0,0,"1",0,"0","0",0,0,0,0,0,0,"0",13,20,0,0,0,0,1,0,0.1,170,255,1,0,0.01,0.03,0.01,0,0,0,"normal"
0,"tcp","http","SF",309,1173,"0",0,0,0,0,"1",0,"0","0",0,0,0,0,0,0,"0",1,1,0,0,0,0,1,0,0,35,255,1,0,0.03,0.05,0,0.01,0,0.03,"normal"
0,"tcp","http","SF",232,320,"0",0,0,0,0,"1",0,"0","0",0,0,0,0,0,0,"0",23,32,0,0,0,0,1,0,0.09,204,255,1,0,0,0.02,0,0,0,0,"normal"
0,"tcp","private","REJ",0,0,"0",0,0,0,0,"0",0,"0","0",0,0,0,0,0,0,"0",300,7,0,0,1,1,0.02,0.06,0,255,7,0.03,0.08,0,0,0,0,1,1,"dos"
0,"tcp","http","SF",241,5643,"0",0,0,0,0,"1",0,"0","0",0,0,0,0,0,0,"0",3,5,0,0,0,0,1,0,0.4,3,255,1,0,0.33,0.03,0,0,0,0,"normal"
0,"tcp","private","S0",0,0,"0",0,0,0,0,"0",0,"0","0",0,0,0,0,0,0,"0",288,13,1,1,0,0,0.05,0.06,0,255,8,0.03,0.08,0,0,1,1,0,0,"dos"
0,"tcp","private","S0",0,0,"0",0,0,0,0,"0",0,"0","0",0,0,0,0,0,0,"0",110,15,1,1,0,0,0.14,0.05,0,255,15,0.06,0.06,0,0,1,1,0,0,"dos"
0,"tcp","http","SF",185,10243,"0",0,0,0,0,"1",0,"0","0",0,0,0,0,0,0,"0",14,14,0,0,0,0,1,0,0,255,255,1,0,0,0,0,0,0,0,"normal"
0,"udp","other","SF",146,0,"0",0,0,0,0,"0",0,"0","0",0,0,0,0,0,0,"0",1,1,0,0,0,0,1,0,0,255,1,0,0.54,0.8,0,0,0,0,0,"normal"
0,"tcp","http","SF",219,812,"0",0,0,0,0,"1",0,"0","0",0,0,0,0,0,0,"0",17,17,0,0,0,0,1,0,0,54,255,1,0,0.02,0.02,0,0,0,0,"normal"
0,"tcp","private","S0",0,0,"0",0,0,0,0,"0",0,"0","0",0,0,0,0,0,0,"0",118,11,1,1,0,0,0.09,0.05,0,255,11,0.04,0.05,0,0,1,1,0,0,"dos"
0,"tcp","uucp","S0",0,0,"0",0,0,0,0,"0",0,"0","0",0,0,0,0,0,0,"0",134,5,1,1,0,0,0.04,0.06,0,255,5,0.02,0.06,0,0,1,1,0,0,"dos"
0,"tcp","http","SF",312,1062,"0",0,0,0,0,"1",0,"0","0",0,0,0,0,0,0,"0",16,16,0,0,0,0,1,0,0,177,255,1,0,0.01,0.05,0,0,0.5,0.62,"normal"
0,"udp","domain_u","SF",46,46,"0",0,0,0,0,"0",0,"0","0",0,0,0,0,0,0,"0",5,9,0,0,0,0,1,0,0.22,255,255,1,0,0,0,0,0,0,0,"normal"
0,"icmp","urp_i","SF",89,0,"0",0,0,0,0,"0",0,"0","0",0,0,0,0,0,0,"0",2,4,0,0,0,0,0.5,1,0.5,255,16,0.06,0.01,0.06,0,0,0,0,0,"normal"
0,"tcp","private","S0",0,0,"0",0,0,0,0,"0",0,"0","0",0,0,0,0,0,0,"0",137,5,1,1,0,0,0.04,0.06,0,255,12,0.05,0.06,0,0,1,1,0,0,"dos"
0,"tcp","private","S0",0,0,"0",0,0,0,0,"0",0,"0","0",0,0,0,0,0,0,"0",252,15,1,1,0,0,0.06,0.06,0,255,6,0.02,0.07,0,0,1,1,0,0,"dos"
0,"tcp","http","SF",229,321,"0",0,0,0,0,"1",0,"0","0",0,0,0,0,0,0,"0",4,4,0,0,0,0,1,0,0,255,255,1,0,0,0,0,0,0,0,"normal"
0,"tcp","http","SF",264,1766,"0",0,0,0,0,"1",0,"0","0",0,0,0,0,0,0,"0",1,22,0,0,0,0,1,0,0.27,54,255,1,0,0.02,0.01,0.02,0,0,0,"normal"
0,"tcp","private","S0",0,0,"0",0,0,0,0,"0",0,"0","0",0,0,0,0,0,0,"0",29,5,1,1,0,0,0.17,0.21,0,255,6,0.02,0.09,0,0,1,1,0,0,"dos"
0,"tcp","private","REJ",0,0,"0",0,0,0,0,"0",0,"0","0",0,0,0,0,0,0,"0",259,2,0,0,1,1,0.01,0.07,0,255,2,0.01,0.07,0,0,0,0,1,1,"dos"
0,"tcp","private","S0",0,0,"0",0,0,0,0,"0",0,"0","0",0,0,0,0,0,0,"0",234,3,1,1,0,0,0.01,0.06,0,255,9,0.04,0.09,0,0,1,1,0,0,"dos"
0,"tcp","http","SF",252,690,"0",0,0,0,0,"1",0,"0","0",0,0,0,0,0,0,"0",9,9,0,0,0,0,1,0,0,197,255,1,0,0.01,0.02,0,0,0.01,0,"normal"
0,"tcp","private","S0",0,0,"0",0,0,0,0,"0",0,"0","0",0,0,0,0,0,0,"0",199,3,1,1,0,0,0.02,0.07,0,255,3,0.01,0.07,0,0,1,1,0,0,"dos"
0,"tcp","private","S0",0,0,"0",0,0,0,0,"0",0,"0","0",0,0,0,0,0,0,"0",143,4,1,1,0,0,0.03,0.06,0,255,2,0.01,0.07,0,0,1,1,0,0,"dos"
0,"tcp","private","S0",0,0,"0",0,0,0,0,"0",0,"0","0",0,0,0,0,0,0,"0",287,20,1,1,0,0,0.07,0.06,0,255,20,0.08,0.09,0,0,1,1,0,0,"dos"
0,"tcp","http","SF",285,330,"0",0,0,0,0,"1",0,"0","0",0,0,0,0,0,0,"0",3,3,0,0,0,0,1,0,0,3,255,1,0,0.33,0.06,0,0,0,0,"normal"
0,"tcp","private","S0",0,0,"0",0,0,0,0,"0",0,"0","0",0,0,0,0,0,0,"0",200,20,1,1,0,0,0.1,0.05,0,255,20,0.08,0.05,0,0,1,1,0,0,"dos"
0,"tcp","private","S0",0,0,"0",0,0,0,0,"0",0,"0","0",0,0,0,0,0,0,"0",167,8,1,1,0,0,0.05,0.07,0,255,8,0.03,0.06,0,0,1,1,0,0,"dos"
0,"tcp","private","S0",0,0,"0",0,0,0,0,"0",0,"0","0",0,0,0,0,0,0,"0",251,1,1,1,0,0,0,0.06,0,255,1,0,0.06,0,0,1,1,0,0,"dos"
0,"tcp","http","SF",54540,8314,"0",0,0,2,0,"1",1,"0","0",0,0,0,0,0,0,"0",2,2,0,0,0,0,1,0,0,172,172,1,0,0.01,0,0,0,0.01,0.01,"dos"
0,"tcp","http","SF",284,5339,"0",0,0,0,0,"1",0,"0","0",0,0,0,0,0,0,"0",3,3,0,0,0,0,1,0,0,255,255,1,0,0,0,0,0,0,0,"normal"
0,"udp","private","SF",105,145,"0",0,0,0,0,"0",0,"0","0",0,0,0,0,0,0,"0",1,1,0,0,0,0,1,0,0,255,217,0.85,0.01,0,0,0,0,0,0,"normal"
0,"tcp","private","S0",0,0,"0",0,0,0,0,"0",0,"0","0",0,0,0,0,0,0,"0",198,22,1,1,0,0,0.11,0.06,0,255,22,0.09,0.05,0,0,1,1,0,0,"dos"
0,"udp","domain_u","SF",43,129,"0",0,0,0,0,"0",0,"0","0",0,0,0,0,0,0,"0",41,119,0,0,0,0,1,0,0.02,255,255,1,0,0,0,0,0,0,0,"normal"
0,"tcp","private","REJ",0,0,"0",0,0,0,0,"0",0,"0","0",0,0,0,0,0,0,"0",110,6,0,0,1,1,0.05,0.07,0,255,6,0.02,0.06,0,0,0,0,1,1,"dos"
0,"tcp","http","REJ",0,0,"0",0,0,0,0,"0",0,"0","0",0,0,0,0,0,0,"0",1,2,0,0,1,1,1,0,1,13,255,1,0,0.08,0.1,0,0,1,0.97,"normal"
0,"udp","domain_u","SF",34,0,"0",0,0,0,0,"0",0,"0","0",0,0,0,0,0,0,"0",1,2,0,0,0,0,1,0,1,11,3,0.27,0.27,0.27,0,0,0,0,0,"normal"
0,"tcp","http","SF",247,9195,"0",0,0,0,0,"1",0,"0","0",0,0,0,0,0,0,"0",1,1,0,0,0,0,1,0,0,21,255,1,0,0.05,0.03,0,0,0.05,0.01,"normal"
0,"tcp","http","SF",232,11161,"0",0,0,0,0,"1",0,"0","0",0,0,0,0,0,0,"0",4,4,0,0,0,0,1,0,0,255,255,1,0,0,0,0,0,0.02,0.02,"normal"
0,"tcp","private","S0",0,0,"0",0,0,0,0,"0",0,"0","0",0,0,0,0,0,0,"0",88,19,1,1,0,0,0.22,0.06,0,255,19,0.07,0.06,0,0,1,1,0,0,"dos"
0,"tcp","http","SF",200,4894,"0",0,0,0,0,"1",0,"0","0",0,0,0,0,0,0,"0",16,16,0,0,0,0,1,0,0,255,255,1,0,0,0,0,0,0,0,"normal"
0,"tcp","private","S0",0,0,"0",0,0,0,0,"0",0,"0","0",0,0,0,0,0,0,"0",8,3,1,1,0,0,0.38,0.5,0,255,5,0.02,0.09,0,0,1,1,0,0,"dos"
0,"tcp","http","REJ",0,0,"0",0,0,0,0,"0",0,"0","0",0,0,0,0,0,0,"0",1,2,0,0,1,1,1,0,1,27,89,1,0,0.04,0.07,0,0,1,1,"normal"
0,"tcp","private","S0",0,0,"0",0,0,0,0,"0",0,"0","0",0,0,0,0,0,0,"0",123,20,1,1,0,0,0.16,0.06,0,255,1,0,0.08,0,0,1,1,0,0,"dos"
0,"tcp","http","SF",216,843,"0",0,0,0,0,"1",0,"0","0",0,0,0,0,0,0,"0",13,14,0,0,0,0,1,0,0.14,13,255,1,0,0.08,0.03,0,0,0,0,"normal"
0,"tcp","http","SF",169,11487,"0",0,0,0,0,"1",0,"0","0",0,0,0,0,0,0,"0",2,2,0,0,0,0,1,0,0,122,255,1,0,0.01,0.01,0,0,0,0,"normal"
0,"tcp","http","SF",327,308,"0",0,0,0,0,"1",0,"0","0",0,0,0,0,0,0,"0",3,3,0,0,0,0,1,0,0,255,255,1,0,0,0,0,0,0,0,"normal"
32038,"tcp","private","RSTR",1,0,"0",0,0,0,0,"0",0,"0","0",0,0,0,0,0,0,"0",2,2,0,0,1,1,1,0,0,255,2,0.01,0.82,1,0,0,0,1,1,"probe"
0,"tcp","private","REJ",0,0,"0",0,0,0,0,"0",0,"0","0",0,0,0,0,0,0,"0",242,8,0,0,1,1,0.03,0.07,0,255,8,0.03,0.07,0,0,0,0,1,1,"dos"
11020,"udp","other","SF",145,105,"0",0,0,0,0,"0",0,"0","0",0,0,0,0,0,0,"0",1,1,0,0,0,0,1,0,0,255,1,0,0.84,0.99,0,0,0,0,0,"normal"
0,"tcp","ftp_data","SF",6062,0,"0",0,0,0,0,"1",0,"0","0",0,0,0,0,0,0,"0",6,6,0,0,0,0,1,0,0,202,73,0.34,0.01,0.34,0.03,0,0,0,0,"normal"
0,"tcp","http","SF",300,321,"0",0,0,0,0,"1",0,"0","0",0,0,0,0,0,0,"0",8,24,0,0,0,0,1,0,0.12,255,255,1,0,0,0,0,0,0,0,"normal"
0,"tcp","http","SF",229,9920,"0",0,0,0,0,"1",0,"0","0",0,0,0,0,0,0,"0",1,1,0,0,0,0,1,0,0,51,88,1,0,0.02,0.02,0,0,0,0,"normal"
0,"tcp","http","SF",246,261,"0",0,0,0,0,"1",0,"0","0",0,0,0,0,0,0,"0",11,11,0,0,0,0,1,0,0,255,255,1,0,0,0,0,0,0,0,"normal"
0,"tcp","private","S0",0,0,"0",0,0,0,0,"0",0,"0","0",0,0,0,0,0,0,"0",254,1,1,1,0,0,0,0.06,0,255,1,0,0.07,0,0,1,1,0,0,"dos"
0,"tcp","private","S0",0,0,"0",0,0,0,0,"0",0,"0","0",0,0,0,0,0,0,"0",142,7,1,1,0,0,0.05,0.06,0,255,9,0.04,0.07,0,0,1,1,0,0,"dos"
0,"icmp","ecr_i","SF",1032,0,"0",0,0,0,0,"0",0,"0","0",0,0,0,0,0,0,"0",227,227,0,0,0,0,1,0,0,255,227,0.89,0.01,0.89,0,0,0,0,0,"dos"
0,"tcp","ftp_data","SF",567,0,"0",0,0,0,0,"1",0,"0","0",6,0,0,0,0,0,"0",1,1,0,0,0,0,1,0,0,7,29,0.14,0.43,0.14,0.07,0,0,0,0,"normal"
0,"tcp","http","SF",237,1211,"0",0,0,1,0,"1",0,"0","0",0,0,0,0,0,0,"0",4,4,0,0,0,0,1,0,0,14,255,1,0,0.07,0.04,0,0,0,0,"normal"
