0,PoliceReport,2
0,"tcp","http","SF",341,452,"0",0,0,0,0,"1",0,"0","0",0,0,0,0,0,0,"0",12,12,0,0,0,0,1,0,0,255,255,1,0,0,0,0,0,0,0,"normal"
0,"tcp","http","SF",342,10714,"0",0,0,0,0,"1",0,"0","0",0,0,0,0,0,0,"0",3,3,0,0,0,0,1,0,0,29,119,1,0,0.03,0.08,0,0.01,0,0,"normal"
0,"tcp","Z39_50","REJ",0,0,"0",0,0,0,0,"0",0,"0","0",0,0,0,0,0,0,"0",261,3,0,0,1,1,0.01,0.07,0,255,3,0.01,0.07,0,0,0,0,1,1,"dos"
0,"udp","domain_u","SF",43,74,"0",0,0,0,0,"0",0,"0","0",0,0,0,0,0,0,"0",32,32,0,0,0,0,1,0,0,255,220,0.86,0.01,0,0,0,0,0,0,"normal"
0,"tcp","http","SF",221,918,"0",0,0,0,0,"1",0,"0","0",0,0,0,0,0,0,"0",16,16,0,0,0,0,1,0,0,255,255,1,0,0,0,0,0,0,0,"normal"
0,"tcp","http","SF",320,12922,"0",0,0,0,0,"1",0,"0","0",0,0,0,0,0,0,"0",27,36,0,0,0,0,1,0,0.11,184,255,1,0,0.01,0.01,0,0,0,0,"normal"
0,"tcp","http","SF",301,300,"0",0,0,0,0,"1",0,"0","0",0,0,0,0,0,0,"0",14,14,0,0,0,0,1,0,0,38,255,1,0,0.03,0.02,0,0,0,0,"normal"
0,"tcp","ftp","SF",1225,2451,"0",0,0,28,0,"1",0,"0","0",0,0,0,0,0,0,"1",1,1,0,0,0,0,1,0,0,255,116,0.45,0.02,0,0,0,0,0,0,"r2l"
0,"tcp","http","SF",343,9708,"0",0,0,0,0,"1",0,"0","0",0,0,0,0,0,0,"0",9,9,0,0,0,0,1,0,0,54,255,1,0,0.02,0.06,0,0.01,0,0,"normal"
0,"tcp","http","SF",226,9284,"0",0,0,0,0,"1",0,"0","0",0,0,0,0,0,0,"0",6,6,0,0,0,0,1,0,0,255,255,1,0,0,0,0,0,0,0,"normal"
0,"tcp","http","SF",326,656,"0",0,0,0,0,"1",0,"0","0",0,0,0,0,0,0,"0",9,10,0,0,0,0,1,0,0.2,105,251,1,0,0.01,0.06,0,0,0,0,"normal"
0,"tcp","http","SF",156,13356,"0",0,0,0,0,"1",0,"0","0",0,0,0,0,0,0,"0",1,1,0,0,0,0,1,0,0,12,196,1,0,0.08,0.03,0,0.01,0,0,"normal"
0,"udp","domain_u","SF",42,42,"0",0,0,0,0,"0",0,"0","0",0,0,0,0,0,0,"0",17,20,0,0,0,0,1,0,0.15,255,255,1,0,0,0,0,0,0,0,"normal"
0,"udp","domain_u","SF",88,0,"0",0,0,0,0,"0",0,"0","0",0,0,0,0,0,0,"0",1,2,0,0,0,0,1,0,1,31,19,0.61,0.06,0.61,0,0,0,0,0,"normal"
0,"tcp","http","SF",209,2307,"0",0,0,0,0,"1",0,"0","0",0,0,0,0,0,0,"0",6,6,0,0,0,0,1,0,0,82,255,1,0,0.01,0.05,0,0,0,0,"normal"
0,"tcp","http","SF",259,474,"0",0,0,0,0,"1",0,"0","0",0,0,0,0,0,0,"0",1,1,0,0,0,0,1,0,0,255,255,1,0,0,0,0,0,0,0,"normal"
0,"tcp","private","S0",0,0,"0",0,0,0,0,"0",0,"0","0",0,0,0,0,0,0,"0",130,20,1,1,0,0,0.15,0.05,0,255,18,0.07,0.07,0,0,1,1,0,0,"dos"
0,"tcp","smtp","SF",1119,279,"0",0,0,0,0,"1",0,"0","0",0,0,0,0,0,0,"0",1,1,0,0,0,0,1,0,0,72,171,0.38,0.06,0.01,0.01,0,0,0,0,"normal"
0,"tcp","private","S0",0,0,"0",0,0,0,0,"0",0,"0","0",0,0,0,0,0,0,"0",130,19,1,1,0,0,0.15,0.06,0,255,12,0.05,0.07,0,0,1,1,0,0,"dos"
0,"tcp","http","SF",161,3175,"0",0,0,0,0,"1",0,"0","0",0,0,0,0,0,0,"0",8,8,0,0,0,0,1,0,0,81,255,1,0,0.01,0.02,0,0,0,0,"normal"
0,"tcp","ftp_data","SF",5336,0,"0",0,0,0,0,"1",0,"0","0",0,0,0,0,0,0,"0",18,18,0,0,0,0,1,0,0,44,110,0.55,0.07,0.55,0.03,0,0,0,0,"normal"
0,"icmp","eco_i","SF",8,0,"0",0,0,0,0,"0",0,"0","0",0,0,0,0,0,0,"0",1,29,0,0,0,0,1,0,1,1,127,1,0,1,0.5,0,0,0,0,"probe"
0,"tcp","http","SF",248,1700,"0",0,0,0,0,"1",0,"0","0",0,0,0,0,0,0,"0",26,26,0,0,0,0,1,0,0,255,255,1,0,0,0,0,0,0,0,"normal"
0,"tcp","private","S0",0,0,"0",0,0,0,0,"0",0,"0","0",0,0,0,0,0,0,"0",213,12,1,1,0,0,0.06,0.06,0,255,11,0.04,0.07,0,0,1,1,0,0,"dos"
0,"tcp","http","REJ",0,0,"0",0,0,0,0,"0",0,"0","0",0,0,0,0,0,0,"0",1,2,0,0,1,1,1,0,1,4,255,1,0,0.25,0.23,0,0,1,0.99,"normal"
0,"tcp","ftp_data","SF",7012,0,"0",0,0,0,0,"1",0,"0","0",0,0,0,0,0,0,"0",5,5,0,0,0,0,1,0,0,242,54,0.22,0.02,0.22,0,0,0,0,0,"normal"
0,"tcp","private","S0",0,0,"0",0,0,0,0,"0",0,"0","0",0,0,0,0,0,0,"0",143,13,1,1,0,0,0.09,0.06,0,255,11,0.04,0.07,0,0,1,1,0,0,"dos"
0,"tcp","http","SF",296,2302,"0",0,0,0,0,"1",0,"0","0",0,0,0,0,0,0,"0",9,21,0,0,0,0,1,0,0.1,255,255,1,0,0,0,0,0,0,0,"normal"
0,"tcp","telnet","S0",0,0,"0",0,0,0,0,"0",0,"0","0",0,0,0,0,0,0,"0",63,15,1,1,0,0,0.24,0.06,0,255,63,0.25,0.02,0,0,1,1,0,0,"dos"
0,"tcp","private","S0",0,0,"0",0,0,0,0,"0",0,"0","0",0,0,0,0,0,0,"0",242,8,1,1,0,0,0.03,0.06,0,255,8,0.03,0.08,0,0,1,1,0,0,"dos"
0,"tcp","http","SF",211,1271,"0",0,0,0,0,"1",0,"0","0",0,0,0,0,0,0,"0",6,14,0,0,0,0,1,0,0.21,255,255,1,0,0.01,0,0.01,0.01,0,0,"normal"
0,"tcp","private","S0",0,0,"0",0,0,0,0,"0",0,"0","0",0,0,0,0,0,0,"0",220,10,1,1,0,0,0.05,0.06,0,255,11,0.04,0.06,0,0,1,1,0,0,"dos"
0,"tcp","vmnet","S0",0,0,"0",0,0,0,0,"0",0,"0","0",0,0,0,0,0,0,"0",106,15,1,1,0,0,0.14,0.06,0,255,14,0.05,0.07,0,0,1,1,0,0,"dos"
1,"tcp","smtp","SF",783,328,"0",0,0,0,0,"1",0,"0","0",0,0,0,0,0,0,"0",1,1,0,0,0,0,1,0,0,122,180,0.56,0.04,0.01,0.01,0,0,0,0,"normal"
0,"tcp","http","SF",273,762,"0",0,0,0,0,"1",0,"0","0",0,0,0,0,0,0,"0",8,9,0,0,0,0,1,0,0.22,25,255,1,0,0.04,0.01,0,0,0,0,"normal"
0,"udp","domain_u","SF",45,73,"0",0,0,0,0,"0",0,"0","0",0,0,0,0,0,0,"0",116,116,0,0,0,0,1,0,0,255,255,1,0,0.01,0,0,0,0,0,"normal"
0,"tcp","private","S0",0,0,"0",0,0,0,0,"0",0,"0","0",0,0,0,0,0,0,"0",282,13,1,1,0,0,0.05,0.05,0,255,4,0.02,0.08,0,0,1,1,0,0,"dos"
0,"tcp","http","SF",325,406,"0",0,0,0,0,"1",0,"0","0",0,0,0,0,0,0,"0",9,9,0,0,0,0,1,0,0,255,255,1,0,0,0,0,0,0,0,"normal"
0,"tcp","auth","S0",0,0,"0",0,0,0,0,"0",0,"0","0",0,0,0,0,0,0,"0",270,9,1,1,0,0,0.03,0.06,0,255,12,0.05,0.07,0,0,1,1,0,0,"dos"
0,"tcp","smtp","S0",0,0,"0",0,0,0,0,"0",0,"0","0",0,0,0,0,0,0,"0",300,20,1,1,0,0,0.07,0.06,0,255,20,0.08,0.06,0,0,1,1,0,0,"dos"
0,"tcp","private","S0",0,0,"0",0,0,0,0,"0",0,"0","0",0,0,0,0,0,0,"0",118,14,1,1,0,0,0.12,0.06,0,255,16,0.06,0.06,0,0,1,1,0,0,"dos"
0,"tcp","private","S0",0,0,"0",0,0,0,0,"0",0,"0","0",0,0,0,0,0,0,"0",242,1,1,1,0,0,0,0.06,0,255,1,0,0.06,0,0,1,1,0,0,"dos"
0,"tcp","http","SF",262,354,"0",0,0,0,0,"1",0,"0","0",0,0,0,0,0,0,"0",16,16,0,0,0,0,1,0,0,255,255,1,0,0,0,0,0,0,0,"normal"
0,"tcp","private","S0",0,0,"0",0,0,0,0,"0",0,"0","0",0,0,0,0,0,0,"0",145,12,1,1,0,0,0.08,0.08,0,255,6,0.02,0.08,0,0,1,1,0,0,"dos"
0,"tcp","http","SF",209,482,"0",0,0,0,0,"1",0,"0","0",0,0,0,0,0,0,"0",10,10,0,0,0,0,1,0,0,39,255,1,0,0.03,0.03,0,0,0,0,"normal"
0,"tcp","http","SF",350,8002,"0",0,0,0,0,"1",0,"0","0",0,0,0,0,0,0,"0",8,8,0,0,0,0,1,0,0,36,255,1,0,0.03,0.03,0,0,0,0,"normal"
0,"udp","domain_u","SF",44,132,"0",0,0,0,0,"0",0,"0","0",0,0,0,0,0,0,"0",11,47,0,0,0,0,1,0,0.04,255,202,0.79,0.02,0,0,0,0,0,0,"normal"
0,"tcp","http","SF",294,1694,"0",0,0,0,0,"1",0,"0","0",0,0,0,0,0,0,"0",4,4,0,0,0,0,1,0,0,255,255,1,0,0,0,0,0,0,0,"normal"
0,"tcp","private","S0",0,0,"0",0,0,0,0,"0",0,"0","0",0,0,0,0,0,0,"0",110,10,1,1,0,0,0.09,0.06,0,255,19,0.07,0.06,0,0,1,1,0,0,"dos"
0,"icmp","eco_i","SF",8,0,"0",0,0,0,0,"0",0,"0","0",0,0,0,0,0,0,"0",1,37,0,0,0,0,1,0,1,1,107,1,0,1,0.5,0,0,0,0,"probe"
0,"udp","domain_u","SF",44,76,"0",0,0,0,0,"0",0,"0","0",0,0,0,0,0,0,"0",80,80,0,0,0,0,1,0,0,255,255,1,0,0.01,0,0,0,0,0,"normal"
0,"tcp","private","S0",0,0,"0",0,0,0,0,"0",0,"0","0",0,0,0,0,0,0,"0",16,11,1,1,0,0,0.69,0.19,0,255,11,0.04,0.08,0,0,1,1,0,0,"dos"
0,"tcp","http","SF",322,3656,"0",0,0,0,0,"1",0,"0","0",0,0,0,0,0,0,"0",17,17,0,0,0,0,1,0,0,255,255,1,0,0,0,0,0,0,0,"normal"
0,"udp","domain_u","SF",17,17,"0",0,0,0,0,"0",0,"0","0",0,0,0,0,0,0,"0",1,3,0,0,0,0,1,0,1,255,205,0.8,0.01,0,0,0,0,0,0,"normal"
0,"tcp","http","SF",203,2606,"0",0,0,0,0,"1",0,"0","0",0,0,0,0,0,0,"0",23,25,0,0,0,0,1,0,0.08,255,255,1,0,0,0,0,0,0,0,"normal"
0,"tcp","private","S0",0,0,"0",0,0,0,0,"0",0,"0","0",0,0,0,0,0,0,"0",297,13,1,1,0,0,0.04,0.06,0,255,13,0.05,0.07,0,0,1,1,0,0,"dos"
0,"tcp","http","SF",233,1930,"0",0,0,0,0,"1",0,"0","0",0,0,0,0,0,0,"0",19,19,0,0,0,0,1,0,0,104,255,1,0,0.01,0.02,0,0,0,0,"normal"
0,"tcp","http","SF",302,9956,"0",0,0,0,0,"1",0,"0","0",0,0,0,0,0,0,"0",12,24,0,0,0,0,1,0,0.08,12,255,1,0,0.08,0.05,0,0,0,0,"normal"
0,"tcp","ftp_data","SF",334,0,"0",0,0,0,0,"1",0,"0","0",0,0,0,0,0,0,"0",2,2,0,0,0,0,1,0,0,7,46,1,0,1,0.04,0,0.02,0,0,"r2l"
0,"tcp","http","SF",220,406,"0",0,0,0,0,"1",0,"0","0",0,0,0,0,0,0,"0",14,14,0,0,0,0,1,0,0,255,255,1,0,0,0,0,0,0,0,"normal"
0,"tcp","finger","SF",7,140,"0",0,0,0,0,"0",0,"0","0",0,0,0,0,0,0,"0",1,1,0,0,0,0,1,0,0,121,4,0.02,0.02,0.01,0.5,0,0,0,0,"normal"
0,"tcp","private","S0",0,0,"0",0,0,0,0,"0",0,"0","0",0,0,0,0,0,0,"0",269,7,1,1,0,0,0.03,0.06,0,255,14,0.05,0.07,0,0,1,1,0,0,"dos"
0,"tcp","http","SF",185,2200,"0",0,0,0,0,"1",0,"0","0",0,0,0,0,0,0,"0",9,9,0,0,0,0,1,0,0,9,255,1,0,0.11,0.02,0,0,0,0,"normal"
0,"tcp","http","SF",224,47702,"0",0,0,0,0,"1",0,"0","0",0,0,0,0,0,0,"0",6,6,0,0,0,0,1,0,0,10,255,1,0,0.1,0.06,0,0,0,0,"normal"
0,"tcp","http","SF",231,2024,"0",0,0,0,0,"1",0,"0","0",0,0,0,0,0,0,"0",20,20,0,0,0,0,1,0,0,20,255,1,0,0.05,0.02,0,0,0,0.01,"normal"
0,"tcp","private","S0",0,0,"0",0,0,0,0,"0",0,"0","0",0,0,0,0,0,0,"0",225,9,1,1,0,0,0.04,0.06,0,255,17,0.07,0.07,0,0,1,1,0,0,"dos"
0,"tcp","private","S0",0,0,"0",0,0,0,0,"0",0,"0","0",0,0,0,0,0,0,"0",266,1,1,1,0,0,0,0.06,0,255,20,0.08,0.07,0,0,1,1,0,0,"dos"
4,"tcp","smtp","SF",1178,337,"0",0,0,0,0,"1",0,"0","0",0,0,0,0,0,0,"0",1,1,0,0,0,0,1,0,0,91,209,0.81,0.04,0.01,0.01,0,0,0,0,"normal"
0,"udp","private","SF",1,0,"0",0,0,0,0,"0",0,"0","0",0,0,0,0,0,0,"0",1,1,0,0,0,0,1,0,0,255,1,0,0.07,0.11,0,0,0,0.76,0,"probe"
0,"tcp","ftp_data","SF",59,0,"0",0,0,0,0,"0",0,"0","0",0,0,0,0,0,0,"0",7,7,0,0,0,0,1,0,0,255,62,0.24,0.02,0.24,0,0.37,0,0,0,"normal"
0,"tcp","other","REJ",0,0,"0",0,0,0,0,"0",0,"0","0",0,0,0,0,0,0,"0",508,1,0.05,0,0.95,1,0,1,0,255,1,0,1,0,0,0.1,0,0.9,1,"probe"
0,"tcp","http","SF",345,598,"0",0,0,0,0,"1",0,"0","0",0,0,0,0,0,0,"0",1,3,0,0,0,0,1,0,1,136,255,1,0,0.01,0.01,0.01,0.01,0.02,0.01,"normal"
0,"tcp","private","S0",0,0,"0",0,0,0,0,"0",0,"0","0",0,0,0,0,0,0,"0",201,18,1,1,0,0,0.09,0.06,0,255,19,0.07,0.09,0,0,1,1,0,0,"dos"
0,"tcp","private","S0",0,0,"0",0,0,0,0,"0",0,"0","0",0,0,0,0,0,0,"0",252,1,1,1,0,0,0,0.06,0,255,1,0,0.07,0,0,1,1,0,0,"dos"
0,"tcp","private","REJ",0,0,"0",0,0,0,0,"0",0,"0","0",0,0,0,0,0,0,"0",140,13,0,0,1,1,0.09,0.06,0,255,12,0.05,0.07,0,0,0,0,1,1,"dos"
0,"tcp","private","S0",0,0,"0",0,0,0,0,"0",0,"0","0",0,0,0,0,0,0,"0",136,17,1,1,0,0,0.12,0.06,0,255,17,0.07,0.06,0,0,1,1,0,0,"dos"
0,"tcp","http","SF",296,1511,"0",0,0,0,0,"1",0,"0","0",0,0,0,0,0,0,"0",4,4,0,0,0,0,1,0,0,255,255,1,0,0,0,0,0,0,0,"normal"
0,"tcp","other","REJ",0,0,"0",0,0,0,0,"0",0,"0","0",0,0,0,0,0,0,"0",511,1,0.11,0,0.89,1,0,1,0,255,1,0,1,0,0,0.14,0,0.86,1,"probe"
0,"tcp","http","SF",214,261,"0",0,0,0,0,"1",0,"0","0",0,0,0,0,0,0,"0",7,7,0,0,0,0,1,0,0,14,255,1,0,0.07,0.07,0,0,0,0,"normal"
0,"tcp","private","S0",0,0,"0",0,0,0,0,"0",0,"0","0",0,0,0,0,0,0,"0",125,9,0.99,1,0.01,0,0.07,0.07,0,255,9,0.04,0.07,0,0,1,1,0,0,"dos"
0,"tcp","http","SF",214,3971,"0",0,0,0,0,"1",0,"0","0",0,0,0,0,0,0,"0",2,2,0,0,0,0,1,0,0,17,255,1,0,0.06,0.06,0,0,0,0,"normal"
0,"tcp","private","S0",0,0,"0",0,0,0,0,"0",0,"0","0",0,0,0,0,0,0,"0",136,10,1,1,0,0,0.07,0.07,0,255,11,0.04,0.06,0,0,1,1,0,0,"dos"
0,"tcp","http","SF",201,9481,"0",0,0,0,0,"1",0,"0","0",0,0,0,0,0,0,"0",4,4,0,0,0,0,1,0,0,255,255,1,0,0,0,0,0,0,0,"normal"
0,"tcp","private","REJ",0,0,"0",0,0,0,0,"0",0,"0","0",0,0,0,0,0,0,"0",171,3,0,0,1,1,0.02,0.07,0,255,3,0.01,0.07,0,0,0,0,1,1,"dos"
0,"tcp","http","SF",211,476,"0",0,0,0,0,"1",0,"0","0",0,0,0,0,0,0,"0",6,7,0,0,0,0,1,0,0.29,94,255,1,0,0.01,0.04,0,0,0,0,"normal"
0,"tcp","private","REJ",0,0,"0",0,0,0,0,"0",0,"0","0",0,0,0,0,0,0,"0",266,6,0,0,1,1,0.02,0.06,0,255,6,0.02,0.08,0,0,0,0,1,1,"dos"
0,"udp","domain_u","SF",42,108,"0",0,0,0,0,"0",0,"0","0",0,0,0,0,0,0,"0",1,1,0,0,0,0,1,0,0,26,220,0.85,0.08,0.85,0.01,0,0,0.15,0,"normal"
0,"tcp","private","S0",0,0,"0",0,0,0,0,"0",0,"0","0",0,0,0,0,0,0,"0",132,14,1,1,0,0,0.11,0.05,0,255,13,0.05,0.07,0,0,1,1,0,0,"dos"
0,"tcp","smtp","SF",1478,336,"0",0,0,0,0,"1",0,"0","0",0,0,0,0,0,0,"0",1,1,0,0,0,0,1,0,0,136,112,0.76,0.04,0.01,0.02,0,0,0,0,"normal"
0,"tcp","http","SF",308,1075,"0",0,0,0,0,"1",0,"0","0",0,0,0,0,0,0,"0",5,5,0,0,0,0,1,0,0,107,105,0.98,0.02,0.01,0,0.01,0.01,0.01,0.01,"normal"
0,"tcp","smtp","S0",0,0,"0",0,0,0,0,"0",0,"0","0",0,0,0,0,0,0,"0",291,17,1,1,0,0,0.06,0.05,0,255,17,0.07,0.06,0,0,1,1,0,0,"dos"
0,"tcp","http","SF",208,950,"0",0,0,0,0,"1",0,"0","0",0,0,0,0,0,0,"0",5,8,0,0,0,0,1,0,0.25,26,255,1,0,0.04,0.09,0,0,0.04,0.29,"normal"
3995,"udp","other","SF",145,105,"0",0,0,0,0,"0",0,"0","0",0,0,0,0,0,0,"0",1,1,0,0,0,0,1,0,0,255,1,0,0.77,0.99,0,0,0,0,0,"normal"
0,"tcp","http","SF",311,1046,"0",0,0,0,0,"1",0,"0","0",0,0,0,0,0,0,"0",5,6,0,0,0,0,1,0,0.33,231,255,1,0,0,0.01,0,0,0,0,"normal"
0,"tcp","private","S0",0,0,"0",0,0,0,0,"0",0,"0","0",0,0,0,0,0,0,"0",123,22,1,1,0,0,0.18,0.06,0,255,22,0.09,0.05,0,0,1,1,0,0,"dos"
0,"tcp","http","SF",254,1737,"0",0,0,0,0,"1",0,"0","0",0,0,0,0,0,0,"0",8,8,0,0,0,0,1,0,0,255,255,1,0,0,0,0,0,0,0,"normal"
0,"tcp","private","S0",0,0,"0",0,0,0,0,"0",0,"0","0",0,0,0,0,0,0,"0",219,25,1,1,0,0,0.11,0.06,0,255,25,0.1,0.06,0,0,1,1,0,0,"dos"
0,"tcp","other","REJ",0,0,"0",0,0,0,0,"0",0,"0","0",0,0,0,0,0,0,"0",511,1,0.14,0,0.86,1,0,1,0,255,1,0,1,0,0,0.13,0,0.87,1,"probe"
21,"udp","domain_u","SF",42,42,"0",0,0,0,0,"0",0,"0","0",0,0,0,0,0,0,"0",2,2,0,0,0,0,1,0,0,255,245,0.96,0.01,0,0,0,0,0,0,"normal"
0,"tcp","ftp_data","SF",12,0,"0",0,0,0,0,"1",0,"0","0",0,0,0,0,0,0,"0",1,1,0,0,0,0,1,0,0,36,28,0.22,0.08,0.22,0.07,0,0.04,0,0,"normal"
