2,SelectBestExpert,1
0,"udp","private","SF",28,0,"0",3,0,0,0,"0",0,"0","0",0,0,0,0,0,0,"0",24,24,0,0,0,0,1,0,0,255,91,0.36,0.01,0.36,0,0,0,0,0,"dos"
0,"tcp","http","SF",266,370,"0",0,0,0,0,"1",0,"0","0",0,0,0,0,0,0,"0",13,16,0,0,0,0,1,0,0.19,219,255,1,0,0,0.01,0,0,0,0,"normal"
0,"tcp","http","SF",339,1458,"0",0,0,0,0,"1",0,"0","0",0,0,0,0,0,0,"0",6,6,0,0,0,0,1,0,0,44,247,1,0,0.02,0.13,0,0,0.07,0.78,"normal"
0,"tcp","http","SF",162,2497,"0",0,0,0,0,"1",0,"0","0",0,0,0,0,0,0,"0",1,1,0,0,0,0,1,0,0,167,255,1,0,0.01,0.02,0,0,0,0,"normal"
0,"tcp","http","SF",197,2446,"0",0,0,0,0,"1",0,"0","0",0,0,0,0,0,0,"0",8,8,0,0,0,0,1,0,0,255,255,1,0,0,0,0,0,0,0,"normal"
0,"tcp","private","S0",0,0,"0",0,0,0,0,"0",0,"0","0",0,0,0,0,0,0,"0",239,19,1,1,0,0,0.08,0.06,0,255,18,0.07,0.08,0,0,1,1,0,0,"dos"
0,"tcp","private","S0",0,0,"0",0,0,0,0,"0",0,"0","0",0,0,0,0,0,0,"0",189,5,1,1,0,0,0.03,0.06,0,255,5,0.02,0.05,0,0,1,1,0,0,"dos"
0,"tcp","private","REJ",0,0,"0",0,0,0,0,"0",0,"0","0",0,0,0,0,0,0,"0",145,12,0,0,1,1,0.08,0.08,0,255,12,0.05,0.07,0,0,0,0,1,1,"dos"
0,"tcp","ftp_data","SF",7196,0,"0",0,0,0,0,"0",0,"0","0",0,0,0,0,0,0,"0",11,11,0,0,0,0,1,0,0,151,61,0.4,0.03,0.4,0,0,0,0,0,"normal"
0,"icmp","ecr_i","SF",30,0,"0",0,0,0,0,"0",0,"0","0",0,0,0,0,0,0,"0",1,1,0,0,0,0,1,0,0,23,23,1,0,1,0,0,0,0,0,"normal"
0,"tcp","smtp","SF",1891,332,"0",0,0,0,0,"1",0,"0","0",0,0,0,0,0,0,"0",1,3,0,0,0,0,1,0,1,192,180,0.65,0.04,0.01,0.01,0,0,0,0,"normal"
1,"tcp","smtp","SF",1148,327,"0",0,0,0,0,"1",0,"0","0",0,0,0,0,0,0,"0",1,3,0,0,0,0,1,0,1,42,34,0.81,0.05,0.02,0,0,0,0,0,"normal"
0,"tcp","http","SF",222,27139,"0",0,0,0,0,"1",0,"0","0",0,0,0,0,0,0,"0",2,2,0,0,0,0,1,0,0,255,255,1,0,0,0,0,0,0,0,"normal"
0,"tcp","private","S0",0,0,"0",0,0,0,0,"0",0,"0","0",0,0,0,0,0,0,"0",282,23,1,1,0,0,0.08,0.05,0,255,23,0.09,0.05,0,0,1,1,0,0,"dos"
0,"tcp","private","REJ",0,0,"0",0,0,0,0,"0",0,"0","0",0,0,0,0,0,0,"0",126,12,0,0,1,1,0.1,0.06,0,255,12,0.05,0.07,0,0,0,0,1,1,"dos"
0,"tcp","http","SF",54540,8314,"0",0,0,2,0,"1",1,"0","0",0,0,0,0,0,0,"0",4,4,0,0,0.25,0.25,1,0,0,69,69,1,0,0.01,0,0,0,0.19,0.19,"dos"
0,"tcp","private","S0",0,0,"0",0,0,0,0,"0",0,"0","0",0,0,0,0,0,0,"0",168,8,0.99,1,0,0,0.05,0.07,0,255,8,0.03,0.07,0,0,1,1,0,0,"dos"
0,"tcp","http","REJ",0,0,"0",0,0,0,0,"0",0,"0","0",0,0,0,0,0,0,"0",1,1,0,0,1,1,1,0,0,23,251,1,0,0.04,0.08,0,0,0.96,0.74,"normal"
0,"tcp","private","REJ",0,0,"0",0,0,0,0,"0",0,"0","0",0,0,0,0,0,0,"0",207,5,0,0,1,1,0.02,0.07,0,255,5,0.02,0.09,0,0,0,0,1,1,"dos"
0,"tcp","http","SF",205,756,"0",0,0,0,0,"1",0,"0","0",0,0,0,0,0,0,"0",16,16,0.06,0.06,0,0,1,0,0,255,255,1,0,0,0,0,0,0,0,"normal"
0,"udp","private","SF",105,146,"0",0,0,0,0,"0",0,"0","0",0,0,0,0,0,0,"0",1,1,0,0,0,0,1,0,0,165,142,0.86,0.01,0.01,0,0,0,0,0,"normal"
0,"tcp","http","SF",350,3198,"0",0,0,0,0,"1",0,"0","0",0,0,0,0,0,0,"0",1,4,0,0,0,0,1,0,0.75,15,255,1,0,0.07,0.05,0,0,0,0,"normal"
0,"tcp","http","SF",233,4137,"0",0,0,0,0,"1",0,"0","0",0,0,0,0,0,0,"0",8,8,0,0,0,0,1,0,0,255,255,1,0,0,0,0,0,0,0,"normal"
0,"tcp","private","REJ",0,0,"0",0,0,0,0,"0",0,"0","0",0,0,0,0,0,0,"0",115,2,0,0,1,1,0.02,0.07,0,255,2,0.01,0.06,0,0,0,0,1,1,"dos"
0,"tcp","private","S0",0,0,"0",0,0,0,0,"0",0,"0","0",0,0,0,0,0,0,"0",281,11,1,1,0,0,0.04,0.05,0,255,11,0.04,0.05,0,0,1,1,0,0,"dos"
0,"tcp","private","S0",0,0,"0",0,0,0,0,"0",0,"0","0",0,0,0,0,0,0,"0",293,23,1,1,0,0,0.08,0.05,0,255,23,0.09,0.05,0,0,1,1,0,0,"dos"
0,"tcp","http","SF",206,1307,"0",0,0,0,0,"1",0,"0","0",0,0,0,0,0,0,"0",28,28,0,0,0,0,1,0,0,148,255,1,0,0.01,0.03,0,0,0,0,"normal"
0,"tcp","http","SF",300,1616,"0",0,0,0,0,"1",0,"0","0",0,0,0,0,0,0,"0",8,18,0,0,0,0,1,0,0.28,255,255,1,0,0,0,0,0,0,0,"normal"
0,"tcp","http","SF",284,1521,"0",0,0,0,0,"1",0,"0","0",0,0,0,0,0,0,"0",10,10,0,0,0,0,1,0,0,14,255,1,0,0.07,0.04,0,0,0,0,"normal"
0,"tcp","http","SF",162,5698,"0",0,0,0,0,"1",0,"0","0",0,0,0,0,0,0,"0",3,3,0,0,0,0,1,0,0,3,255,1,0,0.33,0.04,0,0,0,0,"normal"
0,"tcp","private","S0",0,0,"0",0,0,0,0,"0",0,"0","0",0,0,0,0,0,0,"0",132,11,1,1,0,0,0.08,0.07,0,255,11,0.04,0.08,0,0,1,1,0,0,"dos"
0,"tcp","ftp_data","SF",334,0,"0",0,0,0,0,"1",0,"0","0",0,0,0,0,0,0,"0",2,2,0,0,0,0,1,0,0,4,30,1,0,1,0.17,0,0,0,0,"r2l"
0,"tcp","smtp","SF",934,330,"0",0,0,0,0,"1",0,"0","0",0,0,0,0,0,0,"0",1,1,0,0,0,0,1,0,0,191,188,0.75,0.02,0.01,0.01,0,0,0,0,"normal"
0,"tcp","http","SF",331,2518,"0",0,0,0,0,"1",0,"0","0",0,0,0,0,0,0,"0",7,7,0,0,0,0,1,0,0,91,255,1,0,0.01,0.02,0,0,0,0,"normal"
0,"udp","domain_u","SF",46,112,"0",0,0,0,0,"0",0,"0","0",0,0,0,0,0,0,"0",1,2,0,0,0,0,1,0,1,23,22,0.96,0.09,0.04,0,0,0,0,0,"normal"
0,"udp","private","SF",28,0,"0",3,0,0,0,"0",0,"0","0",0,0,0,0,0,0,"0",44,43,0,0,0.02,0,0.98,0.05,0,255,43,0.17,0.02,0.17,0,0,0,0.63,0,"dos"
0,"udp","domain_u","SF",44,122,"0",0,0,0,0,"0",0,"0","0",0,0,0,0,0,0,"0",25,45,0,0,0,0,1,0,0.04,255,255,1,0,0,0,0,0,0,0,"normal"
0,"tcp","private","S0",0,0,"0",0,0,0,0,"0",0,"0","0",0,0,0,0,0,0,"0",145,4,1,1,0,0,0.03,0.06,0,255,9,0.04,0.07,0,0,1,1,0,0,"dos"
0,"tcp","private","S0",0,0,"0",0,0,0,0,"0",0,"0","0",0,0,0,0,0,0,"0",271,9,1,1,0,0,0.03,0.05,0,255,9,0.04,0.05,0,0,1,1,0,0,"dos"
0,"tcp","private","REJ",0,0,"0",0,0,0,0,"0",0,"0","0",0,0,0,0,0,0,"0",292,19,0,0,1,1,0.07,0.05,0,255,19,0.07,0.07,0,0,0,0,1,1,"dos"
0,"tcp","private","S0",0,0,"0",0,0,0,0,"0",0,"0","0",0,0,0,0,0,0,"0",10,10,1,1,0,0,1,0,0,255,10,0.04,0.07,0,0,1,1,0,0,"dos"
0,"tcp","http","SF",250,819,"0",0,0,0,0,"1",0,"0","0",0,0,0,0,0,0,"0",11,13,0,0,0,0,1,0,0.23,255,255,1,0,0,0,0,0,0,0,"normal"
0,"tcp","private","S0",0,0,"0",0,0,0,0,"0",0,"0","0",0,0,0,0,0,0,"0",248,2,1,1,0,0,0.01,0.06,0,255,2,0.01,0.08,0,0,1,1,0,0,"dos"
0,"tcp","private","S0",0,0,"0",0,0,0,0,"0",0,"0","0",0,0,0,0,0,0,"0",218,5,1,1,0,0,0.02,0.06,0,255,5,0.02,0.05,0,0,1,1,0,0,"dos"
0,"tcp","http","SF",330,9851,"0",0,0,0,0,"1",0,"0","0",0,0,0,0,0,0,"0",2,4,0,0,0,0,1,0,0.5,16,255,1,0,0.06,0.04,0,0,0,0,"normal"
0,"icmp","ecr_i","SF",520,0,"0",0,0,0,0,"0",0,"0","0",0,0,0,0,0,0,"0",473,473,0,0,0,0,1,0,0,123,123,1,0,1,0,0,0,0,0,"dos"
0,"tcp","http","SF",144,5328,"0",0,0,0,0,"1",0,"0","0",0,0,0,0,0,0,"0",1,16,0,0,0,0,1,0,0.12,26,255,1,0,0.04,0.03,0,0,0,0,"normal"
0,"tcp","private","REJ",0,0,"0",0,0,0,0,"0",0,"0","0",0,0,0,0,0,0,"0",109,5,0,0,1,1,0.05,0.06,0,255,5,0.02,0.06,0,0,0,0,1,1,"dos"
0,"tcp","http","REJ",0,0,"0",0,0,0,0,"0",0,"0","0",0,0,0,0,0,0,"0",1,2,0,0,1,1,1,0,1,3,91,1,0,0.33,0.25,0,0,1,0.93,"normal"
0,"tcp","smtp","S0",0,0,"0",0,0,0,0,"0",0,"0","0",0,0,0,0,0,0,"0",254,11,1,1,0,0,0.04,0.06,0,255,11,0.04,0.07,0,0,1,1,0,0,"dos"
0,"tcp","private","S0",0,0,"0",0,0,0,0,"0",0,"0","0",0,0,0,0,0,0,"0",236,15,1,1,0,0,0.06,0.07,0,255,16,0.06,0.07,0,0,1,1,0,0,"dos"
0,"tcp","private","S0",0,0,"0",0,0,0,0,"0",0,"0","0",0,0,0,0,0,0,"0",215,19,1,1,0,0,0.09,0.05,0,255,8,0.03,0.06,0,0,1,1,0,0,"dos"
0,"tcp","private","REJ",0,0,"0",0,0,0,0,"0",0,"0","0",0,0,0,0,0,0,"0",277,19,0,0,1,1,0.07,0.06,0,255,19,0.07,0.08,0,0,0,0,1,1,"dos"
0,"tcp","http","SF",293,51166,"0",0,0,0,0,"1",0,"0","0",0,0,0,0,0,0,"0",5,5,0,0,0,0,1,0,0,18,255,1,0,0.06,0.03,0,0,0,0,"normal"
0,"tcp","http","SF",284,2253,"0",0,0,0,0,"1",0,"0","0",0,0,0,0,0,0,"0",4,5,0,0,0,0,1,0,0.4,27,255,1,0,0.04,0.03,0,0,0,0,"normal"
0,"tcp","private","REJ",0,0,"0",0,0,0,0,"0",0,"0","0",0,0,0,0,0,0,"0",254,5,0,0,1,1,0.02,0.06,0,255,5,0.02,0.07,0,0,0,0,1,1,"dos"
0,"tcp","shell","S0",0,0,"0",0,0,0,0,"0",0,"0","0",0,0,0,0,0,0,"0",149,14,1,1,0,0,0.09,0.05,0,255,14,0.05,0.06,0,0,1,1,0,0,"dos"
0,"tcp","http","SF",244,5971,"0",0,0,0,0,"1",0,"0","0",0,0,0,0,0,0,"0",20,20,0,0,0,0,1,0,0,32,255,1,0,0.03,0.04,0,0,0,0,"normal"
0,"tcp","private","REJ",0,0,"0",0,0,0,0,"0",0,"0","0",0,0,0,0,0,0,"0",250,18,0,0,1,1,0.07,0.07,0,255,18,0.07,0.08,0,0,0,0,1,1,"dos"
0,"tcp","http","SF",179,607,"0",0,0,0,0,"1",0,"0","0",0,0,0,0,0,0,"0",1,1,0,0,0,0,1,0,0,13,255,1,0,0.08,0.05,0,0,0,0,"normal"
0,"tcp","http","SF",247,2926,"0",0,0,0,0,"1",0,"0","0",0,0,0,0,0,0,"0",31,31,0,0,0,0,1,0,0,188,255,1,0,0.01,0.08,0,0,0.38,0.55,"normal"
0,"tcp","http","SF",288,6169,"0",0,0,0,0,"1",0,"0","0",0,0,0,0,0,0,"0",2,28,0,0,0,0,1,0,0.11,4,255,1,0,0.25,0.03,0,0,0,0,"normal"
0,"tcp","private","S0",0,0,"0",0,0,0,0,"0",0,"0","0",0,0,0,0,0,0,"0",203,12,1,1,0,0,0.06,0.06,0,255,12,0.05,0.06,0,0,1,1,0,0,"dos"
0,"tcp","private","S0",0,0,"0",0,0,0,0,"0",0,"0","0",0,0,0,0,0,0,"0",223,7,1,1,0,0,0.03,0.06,0,255,14,0.05,0.07,0,0,1,1,0,0,"dos"
0,"tcp","private","S0",0,0,"0",0,0,0,0,"0",0,"0","0",0,0,0,0,0,0,"0",122,8,1,1,0,0,0.07,0.06,0,255,13,0.05,0.06,0,0,1,1,0,0,"dos"
0,"tcp","http","SF",317,1484,"0",0,0,0,0,"1",0,"0","0",0,0,0,0,0,0,"0",2,4,0,0,0,0,1,0,0.75,255,255,1,0,0,0,0,0,0,0,"normal"
0,"tcp","private","S0",0,0,"0",0,0,0,0,"0",0,"0","0",0,0,0,0,0,0,"0",95,1,1,1,0,0,0.01,0.06,0,255,1,0,0.07,0,0,1,1,0,0,"dos"
0,"tcp","private","S0",0,0,"0",0,0,0,0,"0",0,"0","0",0,0,0,0,0,0,"0",243,5,1,1,0,0,0.02,0.06,0,255,20,0.08,0.07,0,0,1,1,0,0,"dos"
0,"tcp","http","SF",223,2325,"0",0,0,0,0,"1",0,"0","0",0,0,0,0,0,0,"0",7,13,0,0,0,0,1,0,0.23,255,255,1,0,0,0,0,0,0,0,"normal"
0,"tcp","private","S0",0,0,"0",0,0,0,0,"0",0,"0","0",0,0,0,0,0,0,"0",200,1,1,1,0,0,0,0.07,0,255,7,0.03,0.08,0,0,1,1,0,0,"dos"
0,"tcp","http","SF",238,9174,"0",0,0,0,0,"1",0,"0","0",0,0,0,0,0,0,"0",6,6,0,0,0,0,1,0,0,38,255,1,0,0.03,0.04,0,0,0,0,"normal"
0,"tcp","http","SF",206,2446,"0",0,0,0,0,"1",0,"0","0",0,0,0,0,0,0,"0",3,3,0,0,0,0,1,0,0,36,255,1,0,0.03,0.03,0,0,0,0,"normal"
0,"tcp","other","RSTR",0,0,"0",0,0,0,0,"0",0,"0","0",0,0,0,0,0,0,"0",1,1,0,0,1,1,1,0,0,255,1,0,0.69,1,0,0,0,1,1,"probe"
0,"tcp","http","SF",205,589,"0",0,0,0,0,"1",0,"0","0",0,0,0,0,0,0,"0",1,40,0,0,0,0,1,0,0.08,17,255,1,0,0.06,0.04,0,0,0,0,"normal"
0,"tcp","http","SF",226,1769,"0",0,0,0,0,"1",0,"0","0",0,0,0,0,0,0,"0",5,5,0,0,0,0,1,0,0,107,255,1,0,0.01,0.03,0,0,0,0,"normal"
2234,"udp","other","SF",146,105,"0",0,0,0,0,"0",0,"0","0",0,0,0,0,0,0,"0",1,1,0,0,0,0,1,0,0,255,1,0,0.87,1,0,0,0,0,0,"normal"
0,"tcp","http","SF",281,757,"0",0,0,0,0,"1",0,"0","0",0,0,0,0,0,0,"0",2,9,0,0,0,0,1,0,0.22,11,255,1,0,0.09,0.05,0,0,0,0,"normal"
0,"tcp","private","REJ",0,0,"0",0,0,0,0,"0",0,"0","0",0,0,0,0,0,0,"0",232,15,0,0,1,1,0.06,0.06,0,255,15,0.06,0.07,0,0,0,0,1,1,"dos"
0,"tcp","private","S0",0,0,"0",0,0,0,0,"0",0,"0","0",0,0,0,0,0,0,"0",195,15,1,1,0,0,0.08,0.07,0,255,15,0.06,0.07,0,0,1,1,0,0,"dos"
0,"tcp","uucp","S0",0,0,"0",0,0,0,0,"0",0,"0","0",0,0,0,0,0,0,"0",14,2,1,1,0,0,0.14,0.14,0,255,8,0.03,0.07,0,0,1,1,0,0,"dos"
0,"tcp","http","SF",330,277,"0",0,0,0,0,"1",0,"0","0",0,0,0,0,0,0,"0",4,24,0,0,0,0,1,0,0.08,255,246,0.96,0.01,0,0,0,0,0,0,"normal"
0,"tcp","private","S0",0,0,"0",0,0,0,0,"0",0,"0","0",0,0,0,0,0,0,"0",14,7,1,1,0,0,0.5,0.29,0,255,7,0.03,0.09,0,0,1,1,0,0,"dos"
0,"tcp","http","SF",247,1694,"0",0,0,0,0,"1",0,"0","0",0,0,0,0,0,0,"0",5,5,0,0,0,0,1,0,0,255,255,1,0,0,0,0.01,0.01,0,0,"normal"
0,"tcp","http","SF",216,2648,"0",0,0,0,0,"1",0,"0","0",0,0,0,0,0,0,"0",4,4,0,0,0,0,1,0,0,39,255,1,0,0.03,0.04,0,0,0,0,"normal"
0,"tcp","pop_3","S0",0,0,"0",0,0,0,0,"0",0,"0","0",0,0,0,0,0,0,"0",145,1,1,1,0,0,0.01,0.07,0,255,11,0.04,0.06,0,0,1,1,0,0,"dos"
0,"tcp","http","SF",246,381,"0",0,0,0,0,"1",0,"0","0",0,0,0,0,0,0,"0",11,12,0,0,0,0,1,0,0.17,42,255,1,0,0.02,0.03,0,0,0,0,"normal"
0,"tcp","private","S0",0,0,"0",0,0,0,0,"0",0,"0","0",0,0,0,0,0,0,"0",221,14,1,1,0,0,0.06,0.06,0,255,14,0.05,0.08,0,0,1,1,0,0,"dos"
0,"tcp","http","REJ",0,0,"0",0,0,0,0,"0",0,"0","0",0,0,0,0,0,0,"0",1,2,0,0,1,1,1,0,1,61,237,1,0,0.02,0.15,0,0,1,1,"normal"
7,"tcp","http","RSTR",46720,8314,"0",0,0,3,0,"1",1,"0","0",0,0,0,0,0,0,"0",4,4,0,0,0.5,0.5,1,0,0,27,27,1,0,0.04,0,0,0,0.37,0.37,"dos"
0,"tcp","private","REJ",0,0,"0",0,0,0,0,"0",0,"0","0",0,0,0,0,0,0,"0",276,9,0,0,1,1,0.03,0.07,0,255,9,0.04,0.08,0,0,0,0,1,1,"dos"
0,"tcp","http","SF",266,482,"0",0,0,0,0,"1",0,"0","0",0,0,0,0,0,0,"0",9,9,0,0,0,0,1,0,0,191,255,1,0,0.01,0.01,0,0,0,0,"normal"
0,"tcp","http","SF",221,296,"0",0,0,0,0,"1",0,"0","0",0,0,0,0,0,0,"0",9,18,0,0,0,0.06,1,0,0.33,255,255,1,0,0,0,0,0,0,0,"normal"
0,"tcp","http","SF",237,351,"0",0,0,0,0,"1",0,"0","0",0,0,0,0,0,0,"0",2,7,0,0,0,0.14,1,0,0.43,44,136,1,0,0.02,0.04,0,0.01,0,0,"normal"
0,"tcp","http","SF",213,439,"0",0,0,0,0,"1",0,"0","0",0,0,0,0,0,0,"0",1,1,0,0,0,0,1,0,0,1,255,1,0,1,0.02,0,0,0,0,"normal"
0,"tcp","http","SF",237,2253,"0",0,0,0,0,"1",0,"0","0",0,0,0,0,0,0,"0",22,22,0,0,0,0,1,0,0,119,255,1,0,0.01,0.01,0,0,0,0,"normal"
0,"tcp","http","SF",278,944,"0",0,0,0,0,"1",0,"0","0",0,0,0,0,0,0,"0",4,5,0,0,0,0,1,0,0.4,123,255,1,0,0.01,0.02,0,0,0,0,"normal"
0,"tcp","private","S0",0,0,"0",0,0,0,0,"0",0,"0","0",0,0,0,0,0,0,"0",247,1,1,1,0,0,0,0.05,0,255,1,0,0.06,0,0,1,1,0,0,"dos"
5,"tcp","smtp","SF",1332,366,"0",0,0,0,0,"1",0,"0","0",0,0,0,0,0,0,"0",1,2,0,0,0,0,1,0,1,129,114,0.88,0.03,0.01,0,0,0,0,0,"normal"
0,"tcp","http","SF",305,5191,"0",0,0,0,0,"1",0,"0","0",0,0,0,0,0,0,"0",2,2,0,0,0,0,1,0,0,11,255,1,0,0.09,0.01,0,0,0,0,"normal"
0,"udp","domain_u","SF",42,42,"0",0,0,0,0,"0",0,"0","0",0,0,0,0,0,0,"0",9,22,0,0,0,0,1,0,0.14,255,254,1,0.01,0,0,0,0,0,0,"normal"
