1,SelectBestExpert,2
0,"tcp","http","SF",255,1828,"0",0,0,0,0,"1",0,"0","0",0,0,0,0,0,0,"0",2,2,0,0,0,0,1,0,0,255,244,0.96,0.01,0,0,0,0,0,0,"normal"
0,"tcp","uucp","S0",0,0,"0",0,0,0,0,"0",0,"0","0",0,0,0,0,0,0,"0",133,10,1,1,0,0,0.08,0.06,0,255,10,0.04,0.06,0,0,1,1,0,0,"dos"
0,"tcp","http","SF",253,5814,"0",0,0,0,0,"1",0,"0","0",0,0,0,0,0,0,"0",2,2,0,0,0,0,1,0,0,255,245,0.96,0.01,0,0,0,0,0,0,"normal"
0,"tcp","other","REJ",0,0,"0",0,0,0,0,"0",0,"0","0",0,0,0,0,0,0,"0",510,1,0.2,0,0.8,1,0,1,0,255,1,0,1,0,0,0.17,0,0.83,1,"probe"
0,"tcp","ftp_data","SF",1376,0,"0",0,0,0,0,"1",0,"0","0",0,0,0,0,0,0,"0",1,1,0,0,0,0,1,0,0,178,71,0.34,0.03,0.34,0.03,0,0,0,0,"normal"
0,"tcp","http","SF",266,9721,"0",0,0,0,0,"1",0,"0","0",0,0,0,0,0,0,"0",2,2,0,0,0,0,1,0,0,20,255,1,0,0.05,0.01,0,0,0,0,"normal"
0,"tcp","http","RSTO",0,0,"0",0,0,0,0,"1",0,"0","0",0,0,0,0,0,0,"0",2,4,0,0.25,0.5,0.25,1,0,0.5,7,255,1,0,0.29,0.08,0,0,0.29,0.04,"normal"
0,"tcp","private","S0",0,0,"0",0,0,0,0,"0",0,"0","0",0,0,0,0,0,0,"0",225,10,1,1,0,0,0.04,0.05,0,255,10,0.04,0.06,0,0,1,1,0,0,"dos"
0,"tcp","nntp","RSTO",0,0,"0",0,0,0,0,"0",0,"0","0",0,0,0,0,0,0,"0",242,9,0,0,1,1,0.04,0.07,0,255,9,0.04,0.07,0,0,0,0,1,1,"dos"
0,"tcp","telnet","RSTR",126,179,"0",0,0,2,1,"0",0,"0","0",0,0,0,0,0,0,"0",2,2,0,0,1,1,1,0,0,37,37,1,0,0.05,0,0.05,0.05,0.95,0.95,"r2l"
0,"tcp","http","REJ",0,0,"0",0,0,0,0,"0",0,"0","0",0,0,0,0,0,0,"0",1,1,0,0,1,1,1,0,0,73,255,1,0,0.01,0.07,0,0,1,0.91,"normal"
0,"tcp","private","S0",0,0,"0",0,0,0,0,"0",0,"0","0",0,0,0,0,0,0,"0",129,4,1,1,0,0,0.03,0.05,0,255,4,0.02,0.05,0,0,1,1,0,0,"dos"
0,"tcp","http","SF",344,731,"0",0,0,0,0,"1",0,"0","0",0,0,0,0,0,0,"0",13,13,0,0,0,0,1,0,0,126,255,1,0,0.01,0.02,0,0,0,0,"normal"
13,"udp","private","SF",105,147,"0",0,0,0,0,"0",0,"0","0",0,0,0,0,0,0,"0",2,2,0,0,0,0,1,0,0,255,233,0.91,0.01,0.01,0,0,0,0,0,"normal"
4859,"udp","other","SF",147,105,"0",0,0,0,0,"0",0,"0","0",0,0,0,0,0,0,"0",3,1,0,0,0,0,0.33,0.67,0,255,1,0,0.63,0.92,0,0,0,0,0,"normal"
0,"tcp","http","SF",232,17905,"0",0,0,0,0,"1",0,"0","0",0,0,0,0,0,0,"0",18,18,0,0,0,0,1,0,0,255,255,1,0,0,0,0,0,0,0,"normal"
0,"tcp","http","SF",164,1932,"0",0,0,0,0,"1",0,"0","0",0,0,0,0,0,0,"0",1,1,0,0,0,0,1,0,0,27,255,1,0,0.04,0.01,0,0,0,0,"normal"
0,"tcp","link","REJ",0,0,"0",0,0,0,0,"0",0,"0","0",0,0,0,0,0,0,"0",107,20,0,0,1,1,0.19,0.07,0,255,8,0.03,0.09,0,0,0,0,1,1,"dos"
0,"tcp","auth","SF",10,35,"0",0,0,0,0,"1",0,"0","0",0,0,0,0,0,0,"0",1,1,0,0,0,0,1,0,0,142,9,0.05,0.04,0.01,0.22,0,0,0,0,"normal"
0,"tcp","ftp_data","SF",7233,0,"0",0,0,0,0,"1",0,"0","0",0,0,0,0,0,0,"0",8,8,0,0,0,0,1,0,0,255,155,0.61,0.03,0.62,0,0,0.01,0,0,"normal"
0,"tcp","private","S0",0,0,"0",0,0,0,0,"0",0,"0","0",0,0,0,0,0,0,"0",263,14,1,1,0,0,0.05,0.06,0,255,14,0.05,0.07,0,0,1,1,0,0,"dos"
0,"tcp","http","SF",223,2917,"0",0,0,0,0,"1",0,"0","0",0,0,0,0,0,0,"0",24,24,0,0,0,0,1,0,0,255,255,1,0,0,0,0,0,0,0,"normal"
0,"tcp","private","S0",0,0,"0",0,0,0,0,"0",0,"0","0",0,0,0,0,0,0,"0",229,12,1,1,0,0,0.05,0.05,0,255,12,0.05,0.05,0,0,1,1,0,0,"dos"
0,"tcp","http","SF",298,1202,"0",0,0,0,0,"1",0,"0","0",0,0,0,0,0,0,"0",4,4,0,0,0,0,1,0,0,53,255,1,0,0.02,0.04,0,0,0,0,"normal"
0,"tcp","private","REJ",0,0,"0",0,0,0,0,"0",0,"0","0",0,0,0,0,0,0,"0",236,11,0,0,1,1,0.05,0.07,0,255,11,0.04,0.07,0,0,0,0,1,1,"dos"
0,"tcp","private","S0",0,0,"0",0,0,0,0,"0",0,"0","0",0,0,0,0,0,0,"0",109,9,1,1,0,0,0.08,0.06,0,255,17,0.07,0.06,0,0,1,1,0,0,"dos"
2,"tcp","smtp","SF",3973,332,"0",0,0,0,0,"1",0,"0","0",0,0,0,0,0,0,"0",1,2,0,0,0,0,1,0,1,32,198,0.91,0.06,0.03,0.02,0,0.01,0,0,"normal"
0,"tcp","http","SF",223,2966,"0",0,0,0,0,"1",0,"0","0",0,0,0,0,0,0,"0",15,15,0,0,0,0,1,0,0,20,255,1,0,0.05,0.04,0,0,0,0,"normal"
0,"tcp","private","REJ",0,0,"0",0,0,0,0,"0",0,"0","0",0,0,0,0,0,0,"0",115,16,0,0,1,1,0.14,0.07,0,255,16,0.06,0.07,0,0,0,0,1,1,"dos"
0,"tcp","http","SF",220,2171,"0",0,0,0,0,"1",0,"0","0",0,0,0,0,0,0,"0",13,13,0,0,0,0,1,0,0,32,255,1,0,0.03,0.07,0,0,0,0,"normal"
1,"tcp","smtp","SF",1221,327,"0",0,0,0,0,"1",0,"0","0",0,0,0,0,0,0,"0",1,2,0,0,0,0,1,0,1,255,141,0.55,0.03,0,0,0,0,0,0,"normal"
0,"tcp","private","S0",0,0,"0",0,0,0,0,"0",0,"0","0",0,0,0,0,0,0,"0",255,4,1,1,0,0,0.02,0.07,0,255,4,0.02,0.07,0,0,1,1,0,0,"dos"
0,"tcp","http","SF",211,496,"0",0,0,0,0,"1",0,"0","0",0,0,0,0,0,0,"0",21,23,0,0,0,0,1,0,0.09,50,255,1,0,0.02,0.01,0,0,0,0,"normal"
0,"tcp","private","S0",0,0,"0",0,0,0,0,"0",0,"0","0",0,0,0,0,0,0,"0",130,9,1,1,0,0,0.07,0.06,0,255,12,0.05,0.07,0,0,1,1,0,0,"dos"
0,"tcp","private","S0",0,0,"0",0,0,0,0,"0",0,"0","0",0,0,0,0,0,0,"0",227,20,1,1,0,0,0.09,0.05,0,255,20,0.08,0.05,0,0,1,1,0,0,"dos"
0,"tcp","private","S0",0,0,"0",0,0,0,0,"0",0,"0","0",0,0,0,0,0,0,"0",140,14,1,1,0,0,0.1,0.06,0,255,11,0.04,0.07,0,0,1,1,0,0,"dos"
0,"tcp","http","SF",227,2804,"0",0,0,0,0,"1",0,"0","0",0,0,0,0,0,0,"0",3,3,0,0,0,0,1,0,0,136,255,1,0,0.01,0.04,0.02,0.01,0,0,"normal"
0,"tcp","http","SF",216,893,"0",0,0,0,0,"1",0,"0","0",0,0,0,0,0,0,"0",23,26,0,0,0,0,1,0,0.12,255,255,1,0,0,0,0,0,0,0,"normal"
0,"tcp","http","SF",234,335,"0",0,0,0,0,"1",0,"0","0",0,0,0,0,0,0,"0",24,26,0,0,0,0,1,0,0.12,95,127,1,0,0.02,0.02,0,0,0,0,"normal"
0,"tcp","private","S0",0,0,"0",0,0,0,0,"0",0,"0","0",0,0,0,0,0,0,"0",71,8,1,1,0,0,0.11,0.07,0,255,5,0.02,0.06,0,0,1,1,0,0,"dos"
1,"tcp","smtp","SF",795,329,"0",0,0,0,0,"1",0,"0","0",0,0,0,0,0,0,"0",1,1,0,0,0,0,1,0,0,86,109,0.45,0.05,0.01,0.02,0,0,0,0,"normal"
0,"tcp","http","SF",293,616,"0",0,0,0,0,"1",0,"0","0",0,0,0,0,0,0,"0",39,39,0,0,0,0,1,0,0,180,255,1,0,0.01,0.02,0,0,0,0,"normal"
0,"tcp","http","SF",256,1109,"0",0,0,0,0,"1",0,"0","0",0,0,0,0,0,0,"0",8,9,0,0,0,0,1,0,0.22,255,255,1,0,0,0,0,0,0,0,"normal"
0,"tcp","private","S0",0,0,"0",0,0,0,0,"0",0,"0","0",0,0,0,0,0,0,"0",224,14,1,1,0,0,0.06,0.06,0,255,14,0.05,0.05,0,0,1,1,0,0,"dos"
0,"tcp","private","REJ",0,0,"0",0,0,0,0,"0",0,"0","0",0,0,0,0,0,0,"0",246,18,0,0,1,1,0.07,0.07,0,255,18,0.07,0.07,0,0,0,0,1,1,"dos"
0,"tcp","http","SF",226,1118,"0",0,0,0,0,"1",0,"0","0",0,0,0,0,0,0,"0",37,37,0,0,0,0,1,0,0,255,255,1,0,0,0,0,0,0,0,"normal"
0,"tcp","private","S0",0,0,"0",0,0,0,0,"0",0,"0","0",0,0,0,0,0,0,"0",216,14,1,1,0,0,0.06,0.06,0,255,14,0.05,0.07,0,0,1,1,0,0,"dos"
0,"tcp","http","SF",235,913,"0",0,0,0,0,"1",0,"0","0",0,0,0,0,0,0,"0",15,15,0,0,0,0,1,0,0,255,255,1,0,0,0,0,0,0,0,"normal"
0,"tcp","http","SF",226,1645,"0",0,0,0,0,"1",0,"0","0",0,0,0,0,0,0,"0",6,22,0,0,0,0,1,0,0.23,255,255,1,0,0,0,0,0,0,0,"normal"
0,"tcp","http","SF",343,1226,"0",0,0,0,0,"1",0,"0","0",0,0,0,0,0,0,"0",6,6,0,0,0,0,1,0,0,255,255,1,0,0,0,0,0,0,0,"normal"
0,"tcp","http","SF",273,762,"0",0,0,0,0,"1",0,"0","0",0,0,0,0,0,0,"0",8,9,0,0,0,0,1,0,0.22,25,255,1,0,0.04,0.01,0,0,0,0,"normal"
0,"tcp","private","S0",0,0,"0",0,0,0,0,"0",0,"0","0",0,0,0,0,0,0,"0",137,20,1,1,0,0,0.15,0.05,0,255,2,0.01,0.07,0,0,1,1,0,0,"dos"
0,"tcp","private","S0",0,0,"0",0,0,0,0,"0",0,"0","0",0,0,0,0,0,0,"0",128,15,1,1,0,0,0.12,0.06,0,255,15,0.06,0.07,0,0,1,1,0,0,"dos"
0,"tcp","private","S0",0,0,"0",0,0,0,0,"0",0,"0","0",0,0,0,0,0,0,"0",248,4,1,1,0,0,0.02,0.06,0,255,4,0.02,0.07,0,0,1,1,0,0,"dos"
0,"tcp","http","SF",227,482,"0",0,0,0,0,"1",0,"0","0",0,0,0,0,0,0,"0",6,6,0,0,0,0,1,0,0,51,255,1,0,0.02,0.03,0.02,0,0,0,"normal"
0,"tcp","private","S0",0,0,"0",0,0,0,0,"0",0,"0","0",0,0,0,0,0,0,"0",142,11,0.99,1,0,0,0.08,0.06,0,255,16,0.06,0.07,0,0,1,1,0,0,"dos"
0,"tcp","private","S0",0,0,"0",0,0,0,0,"0",0,"0","0",0,0,0,0,0,0,"0",279,7,1,1,0,0,0.03,0.06,0,255,8,0.03,0.08,0,0,1,1,0,0,"dos"
0,"tcp","private","S0",0,0,"0",0,0,0,0,"0",0,"0","0",0,0,0,0,0,0,"0",128,11,1,1,0,0,0.09,0.06,0,255,11,0.04,0.06,0,0,1,1,0,0,"dos"
0,"tcp","http","SF",211,9734,"0",0,0,0,0,"1",0,"0","0",0,0,0,0,0,0,"0",7,7,0,0,0,0,1,0,0,26,255,1,0,0.04,0.04,0,0,0,0,"normal"
0,"tcp","http","SF",316,294,"0",0,0,0,0,"1",0,"0","0",0,0,0,0,0,0,"0",11,11,0,0,0,0,1,0,0,255,255,1,0,0,0,0,0,0,0,"normal"
0,"tcp","http","SF",226,396,"0",0,0,0,0,"1",0,"0","0",0,0,0,0,0,0,"0",4,4,0,0,0,0,1,0,0,255,255,1,0,0.01,0,0,0,0,0,"normal"
0,"tcp","http","REJ",0,0,"0",0,0,0,0,"0",0,"0","0",0,0,0,0,0,0,"0",1,3,0,0,1,1,1,0,1,2,255,1,0,0.5,0.13,0,0,1,0.88,"normal"
0,"tcp","http","SF",231,317,"0",0,0,0,0,"1",0,"0","0",0,0,0,0,0,0,"0",2,4,0,0,0,0,1,0,0.5,255,255,1,0,0,0,0,0,0,0,"normal"
0,"tcp","whois","REJ",0,0,"0",0,0,0,0,"0",0,"0","0",0,0,0,0,0,0,"0",276,20,0,0,1,1,0.07,0.07,0,255,20,0.08,0.08,0,0,0,0,1,1,"dos"
2592,"udp","other","SF",146,105,"0",0,0,0,0,"0",0,"0","0",0,0,0,0,0,0,"0",1,1,0,0,0,0,1,0,0,255,2,0.01,0.79,0.99,0,0,0,0,0,"normal"
0,"tcp","private","S0",0,0,"0",0,0,0,0,"0",0,"0","0",0,0,0,0,0,0,"0",139,14,1,1,0,0,0.1,0.06,0,255,13,0.05,0.06,0,0,1,1,0,0,"dos"
0,"tcp","http","SF",237,1197,"0",0,0,0,0,"1",0,"0","0",0,0,0,0,0,0,"0",2,2,0,0,0,0,1,0,0,2,255,1,0,0.5,0.02,0,0,0,0,"normal"
0,"tcp","private","S0",0,0,"0",0,0,0,0,"0",0,"0","0",0,0,0,0,0,0,"0",200,1,1,1,0,0,0,0.06,0,255,16,0.06,0.07,0,0,1,1,0,0,"dos"
0,"tcp","private","S0",0,0,"0",0,0,0,0,"0",0,"0","0",0,0,0,0,0,0,"0",120,14,1,1,0,0,0.12,0.06,0,255,14,0.05,0.07,0,0,1,1,0,0,"dos"
0,"tcp","http","SF",243,3245,"0",0,0,0,0,"1",0,"0","0",0,0,0,0,0,0,"0",4,4,0,0,0,0,1,0,0,132,255,1,0,0.01,0.04,0,0,0,0,"normal"
0,"tcp","http","SF",169,35215,"0",0,0,0,0,"1",0,"0","0",0,0,0,0,0,0,"0",1,2,0,0,0,0,1,0,1,255,255,1,0,0,0,0,0,0,0,"normal"
0,"tcp","private","REJ",0,0,"0",0,0,0,0,"0",0,"0","0",0,0,0,0,0,0,"0",254,15,0,0,1,1,0.06,0.07,0,255,15,0.06,0.07,0,0,0,0,1,1,"dos"
2,"tcp","smtp","SF",645,334,"0",0,0,0,0,"1",0,"0","0",0,0,0,0,0,0,"0",1,2,0,0,0,0,1,0,1,255,151,0.59,0.02,0,0,0,0,0,0,"normal"
0,"tcp","http","SF",305,576,"0",0,0,0,0,"1",0,"0","0",0,0,0,0,0,0,"0",17,17,0,0,0,0,1,0,0,44,255,1,0,0.02,0.01,0,0,0,0,"normal"
0,"udp","private","SF",28,0,"0",3,0,0,0,"0",0,"0","0",0,0,0,0,0,0,"0",49,49,0,0,0,0,1,0,0,255,49,0.19,0.64,0.19,0,0.01,0,0.52,0,"dos"
0,"tcp","http","SF",144,584,"0",0,0,0,0,"1",0,"0","0",0,0,0,0,0,0,"0",1,2,0,0,0,0,1,0,1,51,255,1,0,0.02,0.05,0,0,0,0,"normal"
0,"tcp","private","S0",0,0,"0",0,0,0,0,"0",0,"0","0",0,0,0,0,0,0,"0",213,4,1,1,0,0,0.02,0.06,0,255,4,0.02,0.05,0,0,1,1,0,0,"dos"
0,"tcp","http","SF",232,401,"0",0,0,0,0,"1",0,"0","0",0,0,0,0,0,0,"0",9,16,0,0,0,0,1,0,0.25,9,254,1,0,0.11,0.06,0,0,0,0,"normal"
0,"tcp","private","REJ",0,0,"0",0,0,0,0,"0",0,"0","0",0,0,0,0,0,0,"0",250,14,0,0,1,1,0.06,0.06,0,255,14,0.05,0.07,0,0,0,0,1,1,"dos"
0,"tcp","private","S0",0,0,"0",0,0,0,0,"0",0,"0","0",0,0,0,0,0,0,"0",34,7,1,1,0,0,0.21,0.12,0,255,7,0.03,0.09,0,0,1,1,0,0,"dos"
0,"tcp","private","S0",0,0,"0",0,0,0,0,"0",0,"0","0",0,0,0,0,0,0,"0",240,5,1,1,0,0,0.02,0.05,0,255,8,0.03,0.07,0,0,1,1,0,0,"dos"
0,"tcp","smtp","SF",2576,337,"0",0,0,0,0,"1",0,"0","0",0,0,0,0,0,0,"0",1,1,0,0,0,0,1,0,0,4,198,0.75,0.5,0.25,0.02,0,0,0,0,"normal"
0,"tcp","http","SF",351,11485,"0",0,0,0,0,"1",0,"0","0",0,0,0,0,0,0,"0",14,15,0,0,0,0,1,0,0.13,255,255,1,0,0,0,0,0,0,0,"normal"
0,"tcp","private","REJ",0,0,"0",0,0,0,0,"0",0,"0","0",0,0,0,0,0,0,"0",265,11,0,0,1,1,0.04,0.07,0,255,11,0.04,0.07,0,0,0,0,1,1,"dos"
0,"tcp","http","SF",276,1042,"0",0,0,0,0,"1",0,"0","0",0,0,0,0,0,0,"0",10,13,0,0,0,0,1,0,0.15,55,255,1,0,0.02,0.02,0,0,0,0,"normal"
0,"tcp","private","S0",0,0,"0",0,0,0,0,"0",0,"0","0",0,0,0,0,0,0,"0",223,12,1,1,0,0,0.05,0.06,0,255,1,0,0.07,0,0,1,1,0,0,"dos"
0,"tcp","private","S0",0,0,"0",0,0,0,0,"0",0,"0","0",0,0,0,0,0,0,"0",209,20,1,1,0,0,0.1,0.07,0,255,19,0.07,0.07,0,0,1,1,0,0,"dos"
0,"tcp","http","SF",223,2220,"0",0,0,0,0,"1",0,"0","0",0,0,0,0,0,0,"0",6,6,0,0,0,0,1,0,0,85,255,1,0,0.01,0.02,0,0,0,0,"normal"
0,"tcp","private","S0",0,0,"0",0,0,0,0,"0",0,"0","0",0,0,0,0,0,0,"0",222,16,1,1,0,0,0.07,0.08,0,255,16,0.06,0.08,0,0,1,1,0,0,"dos"
0,"tcp","private","S0",0,0,"0",0,0,0,0,"0",0,"0","0",0,0,0,0,0,0,"0",208,3,1,1,0,0,0.01,0.07,0,255,14,0.05,0.09,0,0,1,1,0,0,"dos"
5,"tcp","finger","SF",8,174,"0",0,0,0,0,"0",0,"0","0",0,0,0,0,0,0,"0",2,1,0,0,0,0,0.5,1,0,79,18,0.06,0.05,0.01,0.11,0,0,0,0,"normal"
0,"tcp","private","S0",0,0,"0",0,0,0,0,"0",0,"0","0",0,0,0,0,0,0,"0",137,19,1,1,0,0,0.14,0.05,0,255,17,0.07,0.06,0,0,1,1,0,0,"dos"
0,"tcp","netbios_ssn","S0",0,0,"0",0,0,0,0,"0",0,"0","0",0,0,0,0,0,0,"0",269,12,1,1,0,0,0.04,0.07,0,255,12,0.05,0.09,0,0,1,1,0,0,"dos"
0,"tcp","private","S0",0,0,"0",0,0,0,0,"0",0,"0","0",0,0,0,0,0,0,"0",148,17,1,1,0,0,0.11,0.06,0,255,14,0.05,0.07,0,0,1,1,0,0,"dos"
0,"tcp","http","SF",196,168,"0",0,0,0,0,"1",0,"0","0",0,0,0,0,0,0,"0",7,13,0,0,0,0,1,0,0.15,24,255,1,0,0.04,0.01,0,0,0,0,"normal"
0,"tcp","auth","SF",13,38,"0",0,0,0,0,"0",0,"0","0",0,0,0,0,0,0,"0",1,1,0,0,0,0,1,0,0,255,1,0,0.72,0,0,0,0,0,0,"normal"
0,"tcp","http","SF",296,2717,"0",0,0,0,0,"1",0,"0","0",0,0,0,0,0,0,"0",3,3,0,0,0,0,1,0,0,255,255,1,0,0,0,0,0,0,0,"normal"
0,"tcp","http","SF",291,253,"0",0,0,0,0,"1",0,"0","0",0,0,0,0,0,0,"0",14,14,0,0,0,0,1,0,0,255,255,1,0,0,0,0,0,0,0,"normal"
0,"tcp","http","SF",231,2239,"0",0,0,0,0,"1",0,"0","0",0,0,0,0,0,0,"0",2,2,0,0,0,0,1,0,0,255,255,1,0,0,0,0,0,0,0,"normal"
0,"tcp","private","S0",0,0,"0",0,0,0,0,"0",0,"0","0",0,0,0,0,0,0,"0",112,15,1,1,0,0,0.13,0.05,0,255,15,0.06,0.07,0,0,1,1,0,0,"dos"
