0,SelectBestExpert,0
0,"tcp","http","SF",330,365,"0",0,0,0,0,"1",0,"0","0",0,0,0,0,0,0,"0",8,9,0,0,0,0,1,0,0.22,255,255,1,0,0,0,0,0,0,0,"normal"
0,"tcp","http","SF",222,2373,"0",0,0,0,0,"1",0,"0","0",0,0,0,0,0,0,"0",8,8,0,0,0,0,1,0,0,8,255,1,0,0.12,0.03,0,0,0,0,"normal"
0,"tcp","http","SF",232,3644,"0",0,0,0,0,"1",0,"0","0",0,0,0,0,0,0,"0",7,7,0,0,0,0,1,0,0,7,255,1,0,0.14,0.03,0,0,0,0,"normal"
0,"tcp","http","SF",328,24786,"0",0,0,0,0,"1",0,"0","0",0,0,0,0,0,0,"0",15,15,0,0,0,0,1,0,0,255,255,1,0,0,0,0,0,0,0,"normal"
5441,"udp","other","SF",147,105,"0",0,0,0,0,"0",0,"0","0",0,0,0,0,0,0,"0",2,1,0,0,0,0,0.5,1,0,255,3,0.01,0.6,0.93,0,0,0,0,0,"normal"
0,"tcp","private","S0",0,0,"0",0,0,0,0,"0",0,"0","0",0,0,0,0,0,0,"0",120,4,1,1,0,0,0.03,0.07,0,255,4,0.02,0.07,0,0,1,1,0,0,"dos"
0,"tcp","private","S0",0,0,"0",0,0,0,0,"0",0,"0","0",0,0,0,0,0,0,"0",146,18,1,1,0,0,0.12,0.05,0,255,5,0.02,0.07,0,0,1,1,0,0,"dos"
0,"tcp","http","REJ",0,0,"0",0,0,0,0,"0",0,"0","0",0,0,0,0,0,0,"0",1,1,0,0,1,1,1,0,0,50,255,1,0,0.02,0.15,0,0,1,1,"normal"
0,"tcp","http","SF",233,394,"0",0,0,0,0,"1",0,"0","0",0,0,0,0,0,0,"0",3,12,0,0,0,0,1,0,0.17,57,255,1,0,0.02,0.01,0,0,0,0,"normal"
0,"tcp","http","REJ",0,0,"0",0,0,0,0,"0",0,"0","0",0,0,0,0,0,0,"0",1,1,0,0,1,1,1,0,0,1,254,1,0,1,0.22,0,0,1,1,"normal"
0,"tcp","http","SF",195,3724,"0",0,0,0,0,"1",0,"0","0",0,0,0,0,0,0,"0",1,1,0,0,0,0,1,0,0,139,255,1,0,0.01,0.02,0.01,0,0,0,"normal"
0,"udp","domain_u","SF",35,0,"0",0,0,0,0,"0",0,"0","0",0,0,0,0,0,0,"0",2,7,0,0,0,0,1,0,0.29,126,14,0.11,0.05,0.11,0,0,0,0,0,"normal"
0,"udp","domain_u","SF",34,88,"0",0,0,0,0,"0",0,"0","0",0,0,0,0,0,0,"0",1,4,0,0,0,0,1,0,0.75,255,235,0.92,0.01,0,0,0,0,0,0,"normal"
0,"icmp","eco_i","SF",8,0,"0",0,0,0,0,"0",0,"0","0",0,0,0,0,0,0,"0",1,34,0,0,0,0,1,0,1,2,138,1,0,1,0.5,0,0,0,0,"probe"
0,"tcp","auth","REJ",0,0,"0",0,0,0,0,"0",0,"0","0",0,0,0,0,0,0,"0",292,17,0,0,1,1,0.06,0.05,0,255,17,0.07,0.07,0,0,0,0,1,1,"dos"
0,"tcp","private","S0",0,0,"0",0,0,0,0,"0",0,"0","0",0,0,0,0,0,0,"0",120,2,1,1,0,0,0.02,0.06,0,255,2,0.01,0.06,0,0,1,1,0,0,"dos"
5475,"udp","other","SF",146,105,"0",0,0,0,0,"0",0,"0","0",0,0,0,0,0,0,"0",4,2,0,0,0,0,0.5,0.5,0,255,2,0.01,0.4,0.84,0,0,0,0,0,"normal"
0,"tcp","private","REJ",0,0,"0",0,0,0,0,"0",0,"0","0",0,0,0,0,0,0,"0",237,11,0,0,1,1,0.05,0.07,0,255,11,0.04,0.07,0,0,0,0,1,1,"dos"
0,"tcp","private","S0",0,0,"0",0,0,0,0,"0",0,"0","0",0,0,0,0,0,0,"0",140,10,1,1,0,0,0.07,0.05,0,255,10,0.04,0.05,0,0,1,1,0,0,"dos"
0,"tcp","http","SF",54540,8314,"0",0,0,2,0,"1",1,"0","0",0,0,0,0,0,0,"0",5,6,0,0,0,0.17,1,0,0.33,182,182,1,0,0.01,0,0,0,0.05,0.05,"dos"
0,"tcp","private","S0",0,0,"0",0,0,0,0,"0",0,"0","0",0,0,0,0,0,0,"0",241,20,1,1,0,0,0.08,0.05,0,255,20,0.08,0.05,0,0,1,1,0,0,"dos"
0,"tcp","http","SF",210,591,"0",0,0,0,0,"1",0,"0","0",0,0,0,0,0,0,"0",15,19,0,0,0,0,1,0,0.21,255,255,1,0,0,0,0,0,0,0,"normal"
0,"tcp","private","REJ",0,0,"0",0,0,0,0,"0",0,"0","0",0,0,0,0,0,0,"0",99,17,0,0,1,1,0.17,0.06,0,255,17,0.07,0.06,0,0,0,0,1,1,"dos"
0,"tcp","private","REJ",0,0,"0",0,0,0,0,"0",0,"0","0",0,0,0,0,0,0,"0",203,16,0,0,1,1,0.08,0.07,0,255,16,0.06,0.09,0,0,0,0,1,1,"dos"
0,"tcp","http","SF",313,1302,"0",0,0,0,0,"1",0,"0","0",0,0,0,0,0,0,"0",7,10,0,0,0,0,1,0,0.2,35,255,1,0,0.03,0.05,0,0,0,0,"normal"
0,"udp","domain_u","SF",42,42,"0",0,0,0,0,"0",0,"0","0",0,0,0,0,0,0,"0",10,18,0,0,0,0,1,0,0.11,255,234,0.92,0.01,0,0,0,0,0,0,"normal"
0,"tcp","private","REJ",0,0,"0",0,0,0,0,"0",0,"0","0",0,0,0,0,0,0,"0",115,14,0,0,1,1,0.12,0.06,0,255,14,0.05,0.07,0,0,0,0,1,1,"dos"
0,"tcp","ftp_data","SF",383,0,"0",0,0,0,0,"0",0,"0","0",0,0,0,0,0,0,"0",2,2,0,0,0,0,1,0,0,157,79,0.4,0.03,0.4,0.03,0,0,0,0,"normal"
0,"tcp","http","SF",288,1389,"0",0,0,0,0,"1",0,"0","0",0,0,0,0,0,0,"0",7,7,0,0,0,0,1,0,0,25,255,1,0,0.04,0.03,0,0.01,0,0,"normal"
0,"tcp","private","S0",0,0,"0",0,0,0,0,"0",0,"0","0",0,0,0,0,0,0,"0",266,6,1,1,0,0,0.02,0.06,0,255,6,0.02,0.08,0,0,1,1,0,0,"dos"
0,"tcp","private","S0",0,0,"0",0,0,0,0,"0",0,"0","0",0,0,0,0,0,0,"0",290,10,1,1,0,0,0.03,0.06,0,255,10,0.04,0.06,0,0,1,1,0,0,"dos"
1815,"udp","other","SF",147,105,"0",0,0,0,0,"0",0,"0","0",0,0,0,0,0,0,"0",4,2,0,0,0,0,0.5,0.5,0,255,2,0.01,0.16,0.29,0,0,0,0,0,"normal"
0,"tcp","smtp","SF",888,332,"0",0,0,0,0,"1",0,"0","0",0,0,0,0,0,0,"0",1,1,0,0,0,0,1,0,0,1,177,1,0,1,0.01,0,0,0,0,"normal"
0,"tcp","private","REJ",0,0,"0",0,0,0,0,"0",0,"0","0",0,0,0,0,0,0,"0",263,3,0,0,1,1,0.01,0.06,0,255,3,0.01,0.07,0,0,0,0,1,1,"dos"
0,"tcp","smtp","SF",2041,339,"0",0,0,0,0,"1",0,"0","0",0,0,0,0,0,0,"0",1,1,0,0,0,0,1,0,0,73,29,0.04,0.97,0.01,0.07,0,0,0.9,0,"normal"
0,"tcp","http","SF",235,369,"0",0,0,0,0,"1",0,"0","0",0,0,0,0,0,0,"0",5,5,0,0,0,0,1,0,0,255,255,1,0,0,0,0,0,0,0,"normal"
1107,"udp","other","SF",147,105,"0",0,0,0,0,"0",0,"0","0",0,0,0,0,0,0,"0",1,1,0,0,0,0,1,0,0,255,2,0.01,0.8,0.99,0,0,0,0,0,"normal"
0,"tcp","http","SF",242,441,"0",0,0,0,0,"1",0,"0","0",0,0,0,0,0,0,"0",1,11,0,0,0,0,1,0,0.27,2,2,1,0,0.5,0,0,0,0,0,"normal"
0,"tcp","private","S0",0,0,"0",0,0,0,0,"0",0,"0","0",0,0,0,0,0,0,"0",139,2,1,1,0,0,0.01,0.05,0,255,2,0.01,0.05,0,0,1,1,0,0,"dos"
0,"tcp","ftp_data","SF",245,0,"0",0,0,0,0,"0",0,"0","0",0,0,0,0,0,0,"0",3,2,0,0,0,0,0.67,0.67,0,71,22,0.11,0.08,0.11,0.09,0,0,0,0,"normal"
0,"tcp","http","SF",315,5381,"0",0,0,0,0,"1",0,"0","0",0,0,0,0,0,0,"0",4,5,0,0,0,0,1,0,0.4,255,255,1,0,0.01,0,0,0,0,0,"normal"
0,"tcp","http","SF",217,283,"0",0,0,0,0,"1",0,"0","0",0,0,0,0,0,0,"0",2,8,0,0,0,0.12,1,0,0.62,39,255,1,0,0.03,0.03,0,0,0,0,"normal"
0,"tcp","ftp_data","SF",567,0,"0",0,0,0,0,"1",0,"0","0",6,0,0,0,0,0,"0",2,1,0,0,0,0,0.5,1,0,20,56,0.05,0.2,0.05,0.04,0,0,0,0,"normal"
0,"tcp","private","S0",0,0,"0",0,0,0,0,"0",0,"0","0",0,0,0,0,0,0,"0",217,12,1,1,0,0,0.06,0.06,0,255,11,0.04,0.05,0,0,1,1,0,0,"dos"
3,"tcp","smtp","SF",740,362,"0",0,0,0,0,"1",0,"0","0",0,0,0,0,0,0,"0",1,2,0,0,0,0,1,0,1,207,126,0.55,0.03,0,0.02,0,0.01,0,0,"normal"
0,"tcp","http","SF",313,23325,"0",0,0,0,0,"1",0,"0","0",0,0,0,0,0,0,"0",2,2,0,0,0,0,1,0,0,255,255,1,0,0,0,0,0,0,0,"normal"
0,"tcp","http","SF",216,1724,"0",0,0,0,0,"1",0,"0","0",0,0,0,0,0,0,"0",2,4,0,0,0,0,1,0,0.5,109,255,1,0,0.01,0.01,0,0,0,0,"normal"
0,"tcp","http","SF",217,969,"0",0,0,0,0,"1",0,"0","0",0,0,0,0,0,0,"0",13,13,0,0,0,0,1,0,0,70,255,1,0,0.01,0.06,0,0,0,0,"normal"
0,"tcp","private","S0",0,0,"0",0,0,0,0,"0",0,"0","0",0,0,0,0,0,0,"0",271,21,1,1,0,0,0.08,0.05,0,255,21,0.08,0.06,0,0,1,1,0,0,"dos"
0,"tcp","http","SF",260,770,"0",0,0,0,0,"1",0,"0","0",0,0,0,0,0,0,"0",5,5,0,0,0,0,1,0,0,17,255,1,0,0.06,0.04,0,0,0,0,"normal"
0,"tcp","http","REJ",0,0,"0",0,0,0,0,"0",0,"0","0",0,0,0,0,0,0,"0",1,2,0,0,1,1,1,0,1,12,213,1,0,0.08,0.2,0,0,1,0.87,"normal"
0,"tcp","private","S0",0,0,"0",0,0,0,0,"0",0,"0","0",0,0,0,0,0,0,"0",287,12,1,1,0,0,0.04,0.06,0,255,12,0.05,0.07,0,0,1,1,0,0,"dos"
0,"udp","private","SF",105,147,"0",0,0,0,0,"0",0,"0","0",0,0,0,0,0,0,"0",1,1,0,0,0,0,1,0,0,74,36,0.49,0.04,0.01,0,0,0,0,0,"normal"
0,"tcp","private","S0",0,0,"0",0,0,0,0,"0",0,"0","0",0,0,0,0,0,0,"0",148,10,1,1,0,0,0.07,0.05,0,255,10,0.04,0.05,0,0,1,1,0,0,"dos"
0,"tcp","http","SF",286,6211,"0",0,0,0,0,"1",0,"0","0",0,0,0,0,0,0,"0",2,2,0,0,0,0,1,0,0,127,255,1,0,0.01,0.01,0,0,0.01,0,"normal"
0,"tcp","http","SF",239,334,"0",0,0,0,0,"1",0,"0","0",0,0,0,0,0,0,"0",15,15,0,0,0,0,1,0,0,255,255,1,0,0.01,0,0,0,0,0,"normal"
11707,"udp","other","SF",147,105,"0",0,0,0,0,"0",0,"0","0",0,0,0,0,0,0,"0",1,1,0,0,0,0,1,0,0,255,1,0,0.77,1,0,0,0,0,0,"normal"
0,"tcp","http","REJ",0,0,"0",0,0,0,0,"0",0,"0","0",0,0,0,0,0,0,"0",1,1,0,0,1,1,1,0,0,17,251,1,0,0.06,0.05,0,0,1,1,"normal"
0,"tcp","private","S0",0,0,"0",0,0,0,0,"0",0,"0","0",0,0,0,0,0,0,"0",119,6,1,1,0,0,0.05,0.07,0,255,6,0.02,0.08,0,0,1,1,0,0,"dos"
0,"tcp","http","SF",346,281,"0",0,0,0,0,"1",0,"0","0",0,0,0,0,0,0,"0",1,10,0,0,0,0,1,0,0.2,19,255,1,0,0.05,0.03,0,0,0,0,"normal"
0,"tcp","private","S0",0,0,"0",0,0,0,0,"0",0,"0","0",0,0,0,0,0,0,"0",130,17,1,1,0,0,0.13,0.05,0,255,2,0.01,0.07,0,0,1,1,0,0,"dos"
0,"tcp","private","S0",0,0,"0",0,0,0,0,"0",0,"0","0",0,0,0,0,0,0,"0",237,14,1,1,0,0,0.06,0.06,0,255,14,0.05,0.07,0,0,1,1,0,0,"dos"
0,"udp","domain_u","SF",45,131,"0",0,0,0,0,"0",0,"0","0",0,0,0,0,0,0,"0",22,22,0,0,0,0,1,0,0,167,112,0.67,0.02,0.01,0,0,0,0,0,"normal"
0,"tcp","private","S0",0,0,"0",0,0,0,0,"0",0,"0","0",0,0,0,0,0,0,"0",266,10,1,1,0,0,0.04,0.06,0,255,10,0.04,0.07,0,0,1,1,0,0,"dos"
0,"tcp","http","SF",250,600,"0",0,0,0,0,"1",0,"0","0",0,0,0,0,0,0,"0",10,10,0,0,0,0,1,0,0,119,255,1,0,0.01,0.02,0,0,0,0,"normal"
0,"tcp","klogin","S0",0,0,"0",0,0,0,0,"0",0,"0","0",0,0,0,0,0,0,"0",137,16,1,1,0,0,0.12,0.06,0,255,16,0.06,0.06,0,0,1,1,0,0,"dos"
0,"tcp","private","S0",0,0,"0",0,0,0,0,"0",0,"0","0",0,0,0,0,0,0,"0",46,11,1,1,0,0,0.24,0.13,0,255,11,0.04,0.08,0,0,1,1,0,0,"dos"
0,"tcp","private","S0",0,0,"0",0,0,0,0,"0",0,"0","0",0,0,0,0,0,0,"0",286,20,1,1,0,0,0.07,0.05,0,255,20,0.08,0.05,0,0,1,1,0,0,"dos"
0,"tcp","http","SF",216,1680,"0",0,0,0,0,"1",0,"0","0",0,0,0,0,0,0,"0",6,6,0,0,0,0,1,0,0,255,255,1,0,0,0,0,0,0,0,"normal"
0,"tcp","private","S0",0,0,"0",0,0,0,0,"0",0,"0","0",0,0,0,0,0,0,"0",106,16,1,1,0,0,0.15,0.06,0,255,15,0.06,0.05,0,0,1,1,0,0,"dos"
0,"tcp","private","S0",0,0,"0",0,0,0,0,"0",0,"0","0",0,0,0,0,0,0,"0",113,4,1,1,0,0,0.04,0.07,0,255,4,0.02,0.07,0,0,1,1,0,0,"dos"
0,"udp","domain_u","SF",42,42,"0",0,0,0,0,"0",0,"0","0",0,0,0,0,0,0,"0",4,7,0,0,0,0,1,0,0.29,255,253,0.99,0.01,0,0,0,0,0,0,"normal"
0,"tcp","http","SF",232,2280,"0",0,0,0,0,"1",0,"0","0",0,0,0,0,0,0,"0",23,23,0,0,0,0,1,0,0,255,255,1,0,0,0,0,0,0,0,"normal"
0,"tcp","private","S0",0,0,"0",0,0,0,0,"0",0,"0","0",0,0,0,0,0,0,"0",121,5,1,1,0,0,0.04,0.07,0,255,5,0.02,0.06,0,0,1,1,0,0,"dos"
0,"tcp","http","SF",226,867,"0",0,0,0,0,"1",0,"0","0",0,0,0,0,0,0,"0",8,8,0,0,0,0,1,0,0,74,255,1,0,0.01,0.05,0,0,0,0,"normal"
0,"tcp","private","S0",0,0,"0",0,0,0,0,"0",0,"0","0",0,0,0,0,0,0,"0",207,5,1,1,0,0,0.02,0.06,0,255,5,0.02,0.06,0,0,1,1,0,0,"dos"
0,"tcp","private","S0",0,0,"0",0,0,0,0,"0",0,"0","0",0,0,0,0,0,0,"0",278,8,1,1,0,0,0.03,0.05,0,255,8,0.03,0.05,0,0,1,1,0,0,"dos"
0,"tcp","http","REJ",0,0,"0",0,0,0,0,"0",0,"0","0",0,0,0,0,0,0,"0",1,1,0,0,1,1,1,0,0,32,223,1,0,0.03,0.15,0,0,1,0.97,"normal"
0,"tcp","private","REJ",0,0,"0",0,0,0,0,"0",0,"0","0",0,0,0,0,0,0,"0",143,14,0,0,1,1,0.1,0.06,0,255,14,0.05,0.07,0,0,0,0,1,1,"dos"
0,"tcp","http","SF",338,1587,"0",0,0,0,0,"1",0,"0","0",0,0,0,0,0,0,"0",4,4,0,0,0,0,1,0,0,102,255,1,0,0.01,0.01,0,0,0,0,"normal"
12990,"udp","other","SF",146,105,"0",0,0,0,0,"0",0,"0","0",0,0,0,0,0,0,"0",5,1,0,0,0,0,0.2,0.6,0,255,1,0,0.87,1,0,0,0,0,0,"normal"
0,"udp","domain_u","SF",45,130,"0",0,0,0,0,"0",0,"0","0",0,0,0,0,0,0,"0",28,243,0,0,0,0,1,0,0.01,86,200,0.83,0.02,0.83,0.01,0,0,0.13,0,"normal"
0,"tcp","http","SF",283,6107,"0",0,0,0,0,"1",0,"0","0",0,0,0,0,0,0,"0",1,1,0,0,0,0,1,0,0,19,255,1,0,0.05,0.02,0,0,0,0,"normal"
0,"tcp","http","SF",303,757,"0",0,0,0,0,"1",0,"0","0",0,0,0,0,0,0,"0",13,13,0,0,0,0,1,0,0,255,255,1,0,0,0,0,0,0,0,"normal"
0,"tcp","private","REJ",0,0,"0",0,0,0,0,"0",0,"0","0",0,0,0,0,0,0,"0",243,15,0,0,1,1,0.06,0.07,0,255,15,0.06,0.08,0,0,0,0,1,1,"dos"
0,"tcp","http","SF",299,2107,"0",0,0,0,0,"1",0,"0","0",0,0,0,0,0,0,"0",20,20,0,0,0,0,1,0,0,20,255,1,0,0.05,0.07,0,0,0,0,"normal"
0,"tcp","private","S0",0,0,"0",0,0,0,0,"0",0,"0","0",0,0,0,0,0,0,"0",226,13,1,1,0,0,0.06,0.07,0,255,13,0.05,0.08,0,0,1,1,0,0,"dos"
0,"tcp","http","SF",239,573,"0",0,0,0,0,"1",0,"0","0",0,0,0,0,0,0,"0",4,4,0,0,0,0,1,0,0,85,255,1,0,0.01,0.04,0,0,0,0,"normal"
0,"icmp","urp_i","SF",182,0,"0",0,0,0,0,"0",0,"0","0",0,0,0,0,0,0,"0",2,1,0,0,0,0,0.5,1,0,255,25,0.1,0.01,0.12,0,0,0,0,0,"normal"
0,"tcp","private","S0",0,0,"0",0,0,0,0,"0",0,"0","0",0,0,0,0,0,0,"0",266,1,1,1,0,0,0,0.06,0,255,1,0,0.06,0,0,1,1,0,0,"dos"
3231,"udp","other","SF",147,105,"0",0,0,0,0,"0",0,"0","0",0,0,0,0,0,0,"0",1,1,0,0,0,0,1,0,0,255,1,0,0.66,0.92,0,0,0,0,0,"normal"
0,"udp","private","SF",28,0,"0",3,0,0,0,"0",0,"0","0",0,0,0,0,0,0,"0",59,59,0,0,0,0,1,0,0,255,59,0.23,0.04,0.23,0,0.02,0,0,0,"dos"
0,"tcp","private","S0",0,0,"0",0,0,0,0,"0",0,"0","0",0,0,0,0,0,0,"0",213,10,1,1,0,0,0.05,0.06,0,255,10,0.04,0.07,0,0,1,1,0,0,"dos"
0,"tcp","http","SF",206,175,"0",0,0,0,0,"1",0,"0","0",0,0,0,0,0,0,"0",47,48,0.02,0.02,0,0,1,0,0.04,47,255,1,0,0.02,0.05,0.02,0.01,0,0,"normal"
0,"tcp","private","S0",0,0,"0",0,0,0,0,"0",0,"0","0",0,0,0,0,0,0,"0",145,11,1,1,0,0,0.08,0.06,0,255,11,0.04,0.05,0,0,1,1,0,0,"dos"
0,"tcp","private","S0",0,0,"0",0,0,0,0,"0",0,"0","0",0,0,0,0,0,0,"0",105,4,1,1,0,0,0.04,0.07,0,255,8,0.03,0.06,0,0,1,1,0,0,"dos"
0,"tcp","private","S0",0,0,"0",0,0,0,0,"0",0,"0","0",0,0,0,0,0,0,"0",254,17,1,1,0,0,0.07,0.05,0,255,17,0.07,0.05,0,0,1,1,0,0,"dos"
0,"icmp","eco_i","SF",30,0,"0",0,0,0,0,"0",0,"0","0",0,0,0,0,0,0,"0",1,1,0,0,0,0,1,0,0,102,102,1,0,1,0,0,0,0,0,"normal"
0,"tcp","http","SF",314,1886,"0",0,0,0,0,"1",0,"0","0",0,0,0,0,0,0,"0",1,2,0,0,0,0,1,0,1,255,255,1,0,0,0,0,0,0,0,"normal"
0,"tcp","http","SF",240,8720,"0",0,0,0,0,"1",0,"0","0",0,0,0,0,0,0,"0",13,15,0,0,0,0,1,0,0.2,255,255,1,0,0,0,0,0,0,0,"normal"
