4,SelectBestExpert,3
0,"tcp","http","SF",305,2507,"0",0,0,0,0,"1",0,"0","0",0,0,0,0,0,0,"0",5,5,0,0,0,0,1,0,0,255,253,0.99,0.01,0,0,0,0,0,0,"normal"
0,"tcp","http","SF",257,397,"0",0,0,0,0,"1",0,"0","0",0,0,0,0,0,0,"0",6,6,0,0,0,0,1,0,0,93,255,1,0,0.01,0.02,0,0,0,0,"normal"
0,"tcp","http","SF",212,682,"0",0,0,0,0,"1",0,"0","0",0,0,0,0,0,0,"0",24,24,0,0,0,0,1,0,0,255,255,1,0,0.01,0,0,0,0,0,"normal"
4,"tcp","smtp","SF",1249,374,"0",0,0,0,0,"1",0,"0","0",0,0,0,0,0,0,"0",1,2,0,0,0,0,1,0,1,39,67,0.92,0.08,0.03,0.03,0,0,0,0,"normal"
0,"udp","other","SF",1,0,"0",0,0,0,0,"0",0,"0","0",0,0,0,0,0,0,"0",11,2,0,0,0,0,0.18,0.64,0,255,2,0.01,0.24,0.69,0,0,0,0.25,0,"probe"
0,"tcp","http","SF",227,1515,"0",0,0,0,0,"1",0,"0","0",0,0,0,0,0,0,"0",7,7,0,0,0,0,1,0,0,34,255,1,0,0.03,0.07,0,0.02,0,0,"normal"
0,"tcp","http","SF",320,3957,"0",0,0,0,0,"1",0,"0","0",0,0,0,0,0,0,"0",5,5,0,0,0,0,1,0,0,255,255,1,0,0,0,0,0,0,0,"normal"
0,"tcp","http","SF",306,3913,"0",0,0,0,0,"1",0,"0","0",0,0,0,0,0,0,"0",6,6,0,0,0,0,1,0,0,255,255,1,0,0,0,0,0,0,0,"normal"
0,"tcp","http","SF",418,9927,"0",0,0,0,0,"1",0,"0","0",0,0,0,0,0,0,"0",9,9,0,0,0,0,1,0,0,77,245,1,0,0.01,0.18,0,0,0.16,0.73,"normal"
0,"tcp","http","SF",216,483,"0",0,0,0,0,"1",0,"0","0",0,0,0,0,0,0,"0",4,20,0,0,0,0,1,0,0.25,255,255,1,0,0,0,0,0,0,0,"normal"
0,"tcp","private","S0",0,0,"0",0,0,0,0,"0",0,"0","0",0,0,0,0,0,0,"0",212,16,1,1,0,0,0.08,0.05,0,255,16,0.06,0.05,0,0,1,1,0,0,"dos"
0,"tcp","http","SF",227,1197,"0",0,0,0,0,"1",0,"0","0",0,0,0,0,0,0,"0",2,4,0,0,0,0,1,0,0.75,6,255,1,0,0.17,0.02,0,0.01,0,0,"normal"
0,"tcp","http","SF",321,2028,"0",0,0,0,0,"1",0,"0","0",0,0,0,0,0,0,"0",5,5,0,0,0,0,1,0,0,255,255,1,0,0,0,0,0,0,0,"normal"
0,"tcp","http","SF",193,294,"0",0,0,0,0,"1",0,"0","0",0,0,0,0,0,0,"0",4,6,0,0,0,0,1,0,0.33,4,255,1,0,0.25,0.04,0,0,0,0,"normal"
0,"tcp","http","SF",205,6903,"0",0,0,0,0,"1",0,"0","0",0,0,0,0,0,0,"0",1,1,0,0,0,0,1,0,0,1,255,1,0,1,0.07,0,0.01,0,0,"normal"
0,"tcp","http","SF",241,1408,"0",0,0,0,0,"1",0,"0","0",0,0,0,0,0,0,"0",43,43,0,0,0,0,1,0,0,98,255,1,0,0.01,0.02,0,0,0,0,"normal"
0,"tcp","private","S0",0,0,"0",0,0,0,0,"0",0,"0","0",0,0,0,0,0,0,"0",232,15,1,1,0,0,0.06,0.06,0,255,15,0.06,0.08,0,0,1,1,0,0,"dos"
0,"tcp","http","SF",305,5591,"0",0,0,0,0,"1",0,"0","0",0,0,0,0,0,0,"0",1,6,0,0,0,0,1,0,0.5,255,255,1,0,0,0,0,0,0,0,"normal"
0,"tcp","http","SF",355,1129,"0",0,0,0,0,"1",0,"0","0",0,0,0,0,0,0,"0",19,35,0,0,0,0,1,0,0.11,191,255,1,0,0.01,0.01,0,0,0,0,"normal"
0,"tcp","http","REJ",0,0,"0",0,0,0,0,"0",0,"0","0",0,0,0,0,0,0,"0",1,1,0,0,1,1,1,0,0,20,227,1,0,0.05,0.21,0,0,1,1,"normal"
0,"tcp","nnsp","S0",0,0,"0",0,0,0,0,"0",0,"0","0",0,0,0,0,0,0,"0",100,7,1,1,0,0,0.07,0.07,0,207,7,0.03,0.07,0,0,1,1,0,0,"dos"
0,"tcp","private","S0",0,0,"0",0,0,0,0,"0",0,"0","0",0,0,0,0,0,0,"0",135,3,1,1,0,0,0.02,0.06,0,255,3,0.01,0.07,0,0,1,1,0,0,"dos"
0,"udp","ntp_u","SF",48,48,"0",0,0,0,0,"0",0,"0","0",0,0,0,0,0,0,"0",2,1,0,0,0,0,0.5,1,0,255,50,0.2,0.01,0.2,0,0,0,0,0,"normal"
0,"tcp","http","SF",170,4800,"0",0,0,0,0,"1",0,"0","0",0,0,0,0,0,0,"0",1,1,0,0,0,0,1,0,0,214,255,1,0,0,0.02,0.01,0.01,0,0,"normal"
0,"tcp","private","S0",0,0,"0",0,0,0,0,"0",0,"0","0",0,0,0,0,0,0,"0",127,10,1,1,0,0,0.08,0.06,0,255,10,0.04,0.07,0,0,1,1,0,0,"dos"
0,"tcp","http","SF",313,2794,"0",0,0,0,0,"1",0,"0","0",0,0,0,0,0,0,"0",11,11,0,0,0,0,1,0,0,255,255,1,0,0,0,0,0,0,0,"normal"
0,"tcp","smtp","SF",1615,331,"0",0,0,0,0,"1",0,"0","0",0,0,0,0,0,0,"0",1,1,0,0,0,0,1,0,0,207,174,0.72,0.02,0,0.01,0,0.01,0.03,0.04,"normal"
3740,"udp","other","SF",146,105,"0",0,0,0,0,"0",0,"0","0",0,0,0,0,0,0,"0",4,2,0,0,0,0,0.5,0.5,0,255,2,0.01,0.64,0.95,0,0,0,0,0,"normal"
0,"tcp","private","S0",0,0,"0",0,0,0,0,"0",0,"0","0",0,0,0,0,0,0,"0",101,13,1,1,0,0,0.13,0.06,0,255,3,0.01,0.07,0,0,1,1,0,0,"dos"
0,"tcp","http","SF",310,976,"0",0,0,0,0,"1",0,"0","0",0,0,0,0,0,0,"0",29,29,0,0,0,0,1,0,0,255,255,1,0,0,0,0,0,0,0,"normal"
1933,"udp","other","SF",146,105,"0",0,0,0,0,"0",0,"0","0",0,0,0,0,0,0,"0",1,1,0,0,0,0,1,0,0,255,1,0,0.68,0.96,0,0,0,0,0,"normal"
0,"tcp","private","S0",0,0,"0",0,0,0,0,"0",0,"0","0",0,0,0,0,0,0,"0",243,6,1,1,0,0,0.02,0.07,0,255,6,0.02,0.07,0,0,1,1,0,0,"dos"
0,"tcp","http","SF",221,1400,"0",0,0,0,0,"1",0,"0","0",0,0,0,0,0,0,"0",31,31,0,0,0,0,1,0,0,145,255,1,0,0.01,0.02,0,0,0.37,0.29,"normal"
0,"icmp","eco_i","SF",8,0,"0",0,0,0,0,"0",0,"0","0",0,0,0,0,0,0,"0",1,21,0,0,0,0,1,0,1,2,255,1,0,1,0.5,0,0,0,0,"probe"
0,"tcp","http","SF",298,1380,"0",0,0,0,0,"1",0,"0","0",0,0,0,0,0,0,"0",7,7,0,0,0,0,1,0,0,255,252,0.99,0.01,0,0,0,0,0,0,"normal"
0,"tcp","private","S0",0,0,"0",0,0,0,0,"0",0,"0","0",0,0,0,0,0,0,"0",294,20,1,1,0,0,0.07,0.05,0,255,18,0.07,0.07,0,0,1,1,0,0,"dos"
0,"tcp","private","S0",0,0,"0",0,0,0,0,"0",0,"0","0",0,0,0,0,0,0,"0",197,18,1,1,0,0,0.09,0.07,0,255,18,0.07,0.07,0,0,1,1,0,0,"dos"
0,"tcp","smtp","SF",791,328,"0",0,0,0,0,"1",0,"0","0",0,0,0,0,0,0,"0",1,1,0,0,0,0,1,0,0,113,168,0.79,0.04,0.01,0.01,0,0,0,0,"normal"
0,"tcp","private","S0",0,0,"0",0,0,0,0,"0",0,"0","0",0,0,0,0,0,0,"0",248,24,1,1,0,0,0.1,0.05,0,255,24,0.09,0.05,0,0,1,1,0,0,"dos"
0,"tcp","http","SF",217,928,"0",0,0,0,0,"1",0,"0","0",0,0,0,0,0,0,"0",12,12,0,0,0,0,1,0,0,255,255,1,0,0,0,0,0,0,0,"normal"
0,"tcp","http","SF",201,295,"0",0,0,0,0,"1",0,"0","0",0,0,0,0,0,0,"0",14,14,0,0,0,0,1,0,0,126,255,1,0,0.01,0.01,0,0,0,0,"normal"
0,"tcp","nntp","S0",0,0,"0",0,0,0,0,"0",0,"0","0",0,0,0,0,0,0,"0",268,5,1,1,0,0,0.02,0.06,0,255,5,0.02,0.07,0,0,1,1,0,0,"dos"
0,"tcp","private","S0",0,0,"0",0,0,0,0,"0",0,"0","0",0,0,0,0,0,0,"0",241,9,1,1,0,0,0.04,0.06,0,255,9,0.04,0.06,0,0,1,1,0,0,"dos"
0,"tcp","private","REJ",0,0,"0",0,0,0,0,"0",0,"0","0",0,0,0,0,0,0,"0",262,19,0,0,1,1,0.07,0.06,0,255,19,0.07,0.06,0,0,0,0,1,1,"dos"
0,"tcp","private","S0",0,0,"0",0,0,0,0,"0",0,"0","0",0,0,0,0,0,0,"0",130,18,1,1,0,0,0.14,0.07,0,255,18,0.07,0.06,0,0,1,1,0,0,"dos"
0,"tcp","http","SF",151,2220,"0",0,0,0,0,"1",0,"0","0",0,0,0,0,0,0,"0",1,1,0,0,0,0,1,0,0,26,255,1,0,0.04,0.04,0,0,0,0,"normal"
0,"tcp","http","SF",258,9885,"0",0,0,0,0,"1",0,"0","0",0,0,0,0,0,0,"0",3,4,0,0,0,0,1,0,0.5,255,255,1,0,0,0,0,0,0.01,0.01,"normal"
0,"tcp","http","SF",361,295,"0",0,0,0,0,"1",0,"0","0",0,0,0,0,0,0,"0",12,12,0,0,0,0,1,0,0,150,255,1,0,0.01,0.03,0,0,0,0,"normal"
0,"tcp","ftp","S0",0,0,"0",0,0,0,0,"0",0,"0","0",0,0,0,0,0,0,"0",290,17,1,1,0,0,0.06,0.05,0,255,17,0.07,0.05,0,0,1,1,0,0,"dos"
0,"tcp","private","S0",0,0,"0",0,0,0,0,"0",0,"0","0",0,0,0,0,0,0,"0",257,9,1,1,0,0,0.04,0.07,0,255,9,0.04,0.07,0,0,1,1,0,0,"dos"
0,"tcp","ftp_data","SF",637,0,"0",0,0,0,0,"1",0,"0","0",0,0,0,0,0,0,"0",6,20,0,0,0,0,1,0,0.1,122,56,0.3,0.02,0.3,0.04,0,0,0,0,"normal"
0,"tcp","http","SF",236,1196,"0",0,0,0,0,"1",0,"0","0",0,0,0,0,0,0,"0",18,19,0,0,0,0,1,0,0.11,255,255,1,0,0,0,0,0,0,0,"normal"
0,"tcp","http","SF",207,321,"0",0,0,0,0,"1",0,"0","0",0,0,0,0,0,0,"0",41,46,0,0,0,0,1,0,0.04,255,255,1,0,0,0,0,0,0.05,0.05,"normal"
0,"icmp","eco_i","SF",8,0,"0",0,0,0,0,"0",0,"0","0",0,0,0,0,0,0,"0",1,18,0,0,0,0,1,0,1,2,202,1,0,1,0.5,0,0,0,0,"probe"
0,"tcp","http","SF",228,1039,"0",0,0,0,0,"1",0,"0","0",0,0,0,0,0,0,"0",7,8,0,0,0,0,1,0,0.25,255,255,1,0,0,0,0,0,0.01,0.01,"normal"
0,"tcp","http","SF",234,2254,"0",0,0,0,0,"1",0,"0","0",0,0,0,0,0,0,"0",13,14,0,0,0,0,1,0,0.14,124,255,1,0,0.01,0.02,0,0,0,0,"normal"
0,"tcp","private","S0",0,0,"0",0,0,0,0,"0",0,"0","0",0,0,0,0,0,0,"0",122,10,1,1,0,0,0.08,0.07,0,255,10,0.04,0.08,0,0,1,1,0,0,"dos"
0,"tcp","private","S0",0,0,"0",0,0,0,0,"0",0,"0","0",0,0,0,0,0,0,"0",271,17,1,1,0,0,0.06,0.06,0,255,9,0.04,0.07,0,0,1,1,0,0,"dos"
0,"tcp","http","SF",208,801,"0",0,0,0,0,"1",0,"0","0",0,0,0,0,0,0,"0",28,28,0,0,0,0,1,0,0,82,252,1,0,0.01,0.06,0.01,0.01,0,0,"normal"
0,"tcp","http","SF",340,397,"0",0,0,0,0,"1",0,"0","0",0,0,0,0,0,0,"0",3,3,0,0,0,0,1,0,0,255,255,1,0,0,0,0,0,0,0,"normal"
0,"tcp","http","SF",409,7751,"0",0,0,0,0,"1",0,"0","0",0,0,0,0,0,0,"0",6,7,0,0,0,0,1,0,0.29,255,255,1,0,0,0,0,0,0,0,"normal"
0,"tcp","http","SF",328,923,"0",0,0,0,0,"1",0,"0","0",0,0,0,0,0,0,"0",1,1,0,0,0,0,1,0,0,15,255,1,0,0.07,0.04,0,0,0,0,"normal"
0,"tcp","private","S0",0,0,"0",0,0,0,0,"0",0,"0","0",0,0,0,0,0,0,"0",207,4,1,1,0,0,0.02,0.07,0,255,4,0.02,0.09,0,0,1,1,0,0,"dos"
0,"udp","domain_u","SF",33,0,"0",0,0,0,0,"0",0,"0","0",0,0,0,0,0,0,"0",1,2,0,0,0,0,1,0,1,255,1,0,0.85,0,0,0,0,0,0,"normal"
0,"tcp","private","S0",0,0,"0",0,0,0,0,"0",0,"0","0",0,0,0,0,0,0,"0",192,2,1,1,0,0,0.01,0.06,0,255,15,0.06,0.07,0,0,1,1,0,0,"dos"
0,"tcp","http","SF",286,13762,"0",0,0,0,0,"1",0,"0","0",0,0,0,0,0,0,"0",2,2,0,0,0,0,1,0,0,207,255,1,0,0,0.01,0.01,0.01,0,0,"normal"
0,"tcp","http","SF",289,4459,"0",0,0,0,0,"1",0,"0","0",0,0,0,0,0,0,"0",4,9,0,0,0,0,1,0,0.44,64,73,1,0,0.02,0.07,0,0,0.02,0.01,"normal"
0,"tcp","http","SF",184,1991,"0",0,0,0,0,"1",0,"0","0",0,0,0,0,0,0,"0",2,1,0,0,0,0,0.5,1,0,255,246,0.96,0.02,0,0,0,0,0,0,"normal"
0,"tcp","http","SF",302,4296,"0",0,0,0,0,"1",0,"0","0",0,0,0,0,0,0,"0",14,14,0,0,0,0,1,0,0,255,255,1,0,0,0,0,0,0,0,"normal"
0,"tcp","http","SF",208,5441,"0",0,0,0,0,"1",0,"0","0",0,0,0,0,0,0,"0",13,13,0,0,0,0,1,0,0,118,255,1,0,0.01,0.01,0,0,0,0,"normal"
0,"udp","domain_u","SF",45,114,"0",0,0,0,0,"0",0,"0","0",0,0,0,0,0,0,"0",1,2,0,0,0,0,1,0,1,255,252,0.99,0.01,0,0,0,0,0,0,"normal"
0,"tcp","http","SF",324,313,"0",0,0,0,0,"1",0,"0","0",0,0,0,0,0,0,"0",39,39,0,0,0,0,1,0,0,63,227,1,0,0.02,0.11,0,0,0.29,0.59,"normal"
0,"tcp","http","SF",171,1351,"0",0,0,0,0,"1",0,"0","0",0,0,0,0,0,0,"0",6,9,0,0,0,0,1,0,0.22,6,255,1,0,0.17,0.01,0,0,0,0,"normal"
0,"tcp","ftp_data","SF",567,0,"0",0,0,0,0,"1",0,"0","0",6,0,0,0,0,0,"0",1,1,0,0,0,0,1,0,0,255,95,0.37,0.1,0.44,0,0.02,0.02,0,0,"normal"
0,"tcp","http","SF",253,273,"0",0,0,0,0,"1",0,"0","0",0,0,0,0,0,0,"0",2,8,0,0,0,0,1,0,0.5,154,143,0.93,0.02,0.01,0,0,0,0,0,"normal"
1,"tcp","smtp","SF",1482,327,"0",0,0,0,0,"1",0,"0","0",0,0,0,0,0,0,"0",1,2,0,0,0,0,1,0,1,255,145,0.57,0.02,0,0,0,0.01,0,0,"normal"
0,"tcp","private","S0",0,0,"0",0,0,0,0,"0",0,"0","0",0,0,0,0,0,0,"0",207,1,1,1,0,0,0,0.08,0,255,1,0,0.08,0,0,1,1,0,0,"dos"
0,"tcp","finger","S0",0,0,"0",0,0,0,0,"0",0,"0","0",0,0,0,0,0,0,"0",259,5,1,1,0,0,0.02,0.07,0,255,5,0.02,0.08,0,0,1,1,0,0,"dos"
0,"tcp","private","S0",0,0,"0",0,0,0,0,"0",0,"0","0",0,0,0,0,0,0,"0",102,2,1,1,0,0,0.02,0.08,0,255,2,0.01,0.08,0,0,1,1,0,0,"dos"
0,"tcp","private","S0",0,0,"0",0,0,0,0,"0",0,"0","0",0,0,0,0,0,0,"0",99,13,1,1,0,0,0.13,0.07,0,255,13,0.05,0.06,0,0,1,1,0,0,"dos"
0,"tcp","http","SF",223,4379,"0",0,0,0,0,"1",0,"0","0",0,0,0,0,0,0,"0",9,9,0,0,0,0,1,0,0,9,69,1,0,0.11,0.06,0,0,0,0,"normal"
0,"udp","domain_u","SF",43,147,"0",0,0,0,0,"0",0,"0","0",0,0,0,0,0,0,"0",51,131,0,0,0,0,1,0,0.02,255,254,1,0.01,0,0,0,0,0,0,"normal"
0,"tcp","http","SF",205,8678,"0",0,0,0,0,"1",0,"0","0",0,0,0,0,0,0,"0",8,9,0,0,0,0,1,0,0.22,255,255,1,0,0,0,0,0,0,0,"normal"
0,"tcp","http","SF",227,18004,"0",0,0,0,0,"1",0,"0","0",0,0,0,0,0,0,"0",11,11,0,0,0,0,1,0,0,64,255,1,0,0.02,0.03,0,0,0,0,"normal"
0,"tcp","http","SF",328,398,"0",0,0,0,0,"1",0,"0","0",0,0,0,0,0,0,"0",30,30,0,0,0,0,1,0,0,255,255,1,0,0,0,0,0,0,0,"normal"
0,"tcp","private","S0",0,0,"0",0,0,0,0,"0",0,"0","0",0,0,0,0,0,0,"0",242,5,1,1,0,0,0.02,0.06,0,255,16,0.06,0.07,0,0,1,1,0,0,"dos"
0,"tcp","http","SF",167,12756,"0",0,0,0,0,"1",0,"0","0",0,0,0,0,0,0,"0",1,6,0,0,0,0,1,0,0.5,29,255,1,0,0.03,0.06,0,0,0,0,"normal"
0,"udp","domain_u","SF",31,0,"0",0,0,0,0,"0",0,"0","0",0,0,0,0,0,0,"0",1,2,0,0,0,0,1,0,1,15,26,0.27,0.2,0.27,0.08,0,0,0,0,"normal"
0,"tcp","private","S0",0,0,"0",0,0,0,0,"0",0,"0","0",0,0,0,0,0,0,"0",277,17,1,1,0,0,0.06,0.05,0,255,17,0.07,0.05,0,0,1,1,0,0,"dos"
0,"tcp","ftp_data","SF",2191,0,"0",0,0,0,0,"1",0,"0","0",0,0,0,0,0,0,"0",12,23,0,0,0,0,1,0,0.09,229,76,0.33,0.03,0.33,0,0.01,0,0,0,"normal"
25,"tcp","smtp","SF",1068,399,"0",0,0,0,0,"1",0,"0","0",0,0,0,0,0,0,"0",1,1,0,0,0,0,1,0,0,95,89,0.48,0.05,0.01,0.02,0,0,0,0,"normal"
0,"tcp","private","S0",0,0,"0",0,0,0,0,"0",0,"0","0",0,0,0,0,0,0,"0",216,18,1,1,0,0,0.08,0.06,0,255,18,0.07,0.07,0,0,1,1,0,0,"dos"
0,"tcp","private","REJ",0,0,"0",0,0,0,0,"0",0,"0","0",0,0,0,0,0,0,"0",247,9,0,0,1,1,0.04,0.07,0,255,9,0.04,0.08,0,0,0,0,1,1,"dos"
0,"tcp","http","SF",190,4008,"0",0,0,0,0,"1",0,"0","0",0,0,0,0,0,0,"0",1,7,0,0,0,0,1,0,0.57,12,255,1,0,0.08,0.03,0,0,0,0,"normal"
0,"tcp","http","SF",212,2809,"0",0,0,0,0,"1",0,"0","0",0,0,0,0,0,0,"0",3,6,0,0,0,0,1,0,0.33,96,255,1,0,0.01,0.01,0,0.01,0,0,"normal"
0,"tcp","private","S0",0,0,"0",0,0,0,0,"0",0,"0","0",0,0,0,0,0,0,"0",219,24,1,1,0,0,0.11,0.05,0,255,24,0.09,0.06,0,0,1,1,0,0,"dos"
0,"tcp","http","SF",207,388,"0",0,0,0,0,"1",0,"0","0",0,0,0,0,0,0,"0",16,17,0,0,0,0,1,0,0.12,43,255,1,0,0.02,0.01,0,0,0,0,"normal"
2630,"udp","other","SF",146,105,"0",0,0,0,0,"0",0,"0","0",0,0,0,0,0,0,"0",5,1,0,0,0,0,0.2,0.6,0,255,1,0,0.84,1,0,0,0,0,0,"normal"
0,"tcp","domain","S0",0,0,"0",0,0,0,0,"0",0,"0","0",0,0,0,0,0,0,"0",276,7,1,1,0,0,0.03,0.06,0,255,15,0.06,0.08,0,0,1,1,0,0,"dos"
0,"udp","domain_u","SF",33,0,"0",0,0,0,0,"0",0,"0","0",0,0,0,0,0,0,"0",4,9,0,0,0,0,1,0,0.22,170,31,0.15,0.08,0.15,0.06,0.02,0,0,0,"normal"
